i test.power
1 0.04099822
2 0.5508021
3 0.04278075
4 0.1265597
5 0.4135472
6 0.4812834
7 0.06238859
8 0
9 0.1746881
10 0.02139037
11 0.06417112
12 0.04099822
13 0.09090909
14 0.1033868
15 0.02673797
16 0.008912656
17 0.04991087
18 0.03030303
19 0.007130125
20 0.06595365
21 0.07664884
22 0.04991087
23 0.01247772
24 0.001782531
25 0.4117647
26 0.01069519
27 0.01782531
28 0.1069519
29 0.1265597
30 0.03921569
31 0.08199643
32 0.03921569
33 0.09447415
34 0.01069519
35 0.02317291
36 0.07486631
37 0.003565062
38 0.1122995
39 0.04456328
40 0.01426025
41 0.01069519
42 0.005347594
43 0.114082
44 0.02317291
45 0.02673797
46 0.1265597
47 0.0285205
48 0.04812834
49 0.1176471
50 0.01247772
51 0.5775401
52 0.06595365
53 0.01247772
54 0.03208556
55 0.005347594
56 0.03743316
57 0.4545455
58 0.01604278
59 0.09447415
60 0.1122995
61 0.02495544
62 0.02317291
63 0.005347594
64 0.04456328
65 0
66 0.4812834
67 0.01782531
68 0.1016043
69 0.06773619
70 0.06951872
71 0.2245989
72 0.008912656
73 0.372549
74 0.03565062
75 0.05525847
76 0.05525847
77 0.1746881
78 0.005347594
79 0.456328
80 0.008912656
81 0.0802139
82 0.1212121
83 0.02317291
84 0.07843137
85 0.001782531
86 0.03208556
87 0.01782531
88 0.06238859
89 0.1016043
90 0.02495544
91 0.1016043
92 0.02495544
93 0.01604278
94 0.05347594
95 0
96 0.01604278
97 0.04812834
98 0.005347594
99 0.3137255
100 0.09447415
101 0.008912656
102 0.5080214
103 0.01782531
104 0.06060606
105 0.01247772
106 0.01426025
107 0.02139037
108 0.008912656
109 0.4491979
110 0.03565062
111 0.07664884
112 0.0516934
113 0.001782531
114 0.1800357
115 0.0285205
116 0.05347594
117 0.01426025
118 0.007130125
119 0.02673797
120 0.02673797
121 0.04456328
122 0.001782531
123 0.06238859
124 0.03565062
125 0
126 0.3493761
127 0.04099822
128 0.005347594
129 0.007130125
130 0.04991087
131 0.01604278
132 0.0285205
133 0.4046346
134 0.5294118
135 0.09803922
136 0.008912656
137 0.057041
138 0.03565062
139 0.09803922
140 0.03208556
141 0.01604278
142 0.01426025
143 0.01069519
144 0.02495544
145 0.03743316
146 0.01069519
147 0.3386809
148 0.1033868
149 0.001782531
150 0.07130125
151 0.03565062
152 0.2442068
153 0.4884135
154 0.03386809
155 0.001782531
156 0.07308378
157 0.005347594
158 0.03386809
159 0.005347594
160 0.01069519
161 0.02673797
162 0.2245989
163 0.04812834
164 0.1016043
165 0.1729055
166 0.5062389
167 0.05347594
168 0.03386809
169 0.2228164
170 0.01604278
171 0.03386809
172 0.06595365
173 0.07130125
174 0.008912656
175 0.02139037
176 0.01426025
177 0.005347594
178 0.02495544
179 0.01960784
180 0.01426025
181 0.03208556
182 0.007130125
183 0.01960784
184 0.02317291
185 0.05347594
186 0.3368984
187 0.4491979
188 0.1051693
189 0.005347594
190 0.01604278
191 0.144385
192 0.2228164
193 0.008912656
194 0.001782531
195 0.001782531
196 0.1247772
197 0.07308378
198 0.02495544
199 0.003565062
200 0.1283422
201 0.09625668
202 0.03208556
203 0.01782531
204 0.03565062
205 0.06060606
206 0.04634581
207 0.01604278
208 0.06951872
209 0.04278075
210 0.5668449
211 0.07308378
212 0.04099822
213 0.008912656
214 0.01426025
215 0
216 0
217 0.2798574
218 0.01247772
219 0.03030303
220 0.1550802
221 0.008912656
222 0.01604278
223 0
224 0.06238859
225 0.1497326
226 0.008912656
227 0.09090909
228 0.0802139
229 0
230 0.2638146
231 0.09447415
232 0.04812834
233 0.04812834
234 0.03921569
235 0
236 0
237 0.1354724
238 0.01604278
239 0.1550802
240 0.1122995
241 0.1764706
242 0.1033868
243 0.5347594
244 0.4884135
245 0.2923351
246 0.01960784
247 0.1336898
248 0.01069519
249 0.03565062
250 0.01247772
251 0.05525847
252 0.09982175
253 0.001782531
254 0.08912656
255 0
256 0
257 0.03030303
258 0.001782531
259 0.1604278
260 0.456328
261 0
262 0.03743316
263 0.03208556
264 0.06060606
265 0.03030303
266 0.02673797
267 0.003565062
268 0.04812834
269 0.007130125
270 0.003565062
271 0.03208556
272 0.4188948
273 0.01069519
274 0.07843137
275 0.003565062
276 0.1105169
277 0.4581105
278 0.03743316
279 0.06595365
280 0.03921569
281 0.5222816
282 0.01426025
283 0.01960784
284 0.001782531
285 0.02317291
286 0.0516934
287 0.001782531
288 0.06238859
289 0.2049911
290 0.02317291
291 0.008912656
292 0.3493761
293 0.4491979
294 0.0516934
295 0.1051693
296 0.1604278
297 0.003565062
298 0.01247772
299 0.2459893
300 0.01604278
301 0.005347594
302 0.03921569
303 0.03030303
304 0.4135472
305 0
306 0.06238859
307 0.01247772
308 0.3868093
309 0.01426025
310 0.0516934
311 0.08377897
312 0.06417112
313 0.005347594
314 0.06595365
315 0.01069519
316 0.01426025
317 0.04991087
318 0.01960784
319 0.3975045
320 0.02495544
321 0.03386809
322 0.09269162
323 0.02495544
324 0.0516934
325 0.02673797
326 0.1729055
327 0.005347594
328 0.001782531
329 0.04634581
330 0.05347594
331 0.4812834
332 0.1426025
333 0.09090909
334 0.01069519
335 0.5757576
336 0.02495544
337 0.04278075
338 0
339 0.05525847
340 0.005347594
341 0.09090909
342 0.02317291
343 0.01782531
344 0.04456328
345 0.1800357
346 0.05882353
347 0
348 0.02673797
349 0.114082
350 0.1586453
351 0.03921569
352 0.03565062
353 0.01604278
354 0.02139037
355 0.4723708
356 0.001782531
357 0.06417112
358 0.5329768
359 0.02317291
360 0.008912656
361 0
362 0.06951872
363 0.04991087
364 0.02139037
365 0.0285205
366 0.04099822
367 0.03565062
368 0.02317291
369 0.01426025
370 0.09803922
371 0.01604278
372 0.1033868
373 0.09090909
374 0.04099822
375 0.007130125
376 0.1354724
377 0.057041
378 0.01960784
379 0.03386809
380 0.1639929
381 0.1122995
382 0.01960784
383 0.4723708
384 0.1319073
385 0.399287
386 0.001782531
387 0.07308378
388 0.05882353
389 0.01960784
390 0.001782531
391 0.1532977
392 0.06417112
393 0.02317291
394 0.007130125
395 0.0285205
396 0.1586453
397 0.03921569
398 0.4812834
399 0.005347594
400 0.0855615
401 0.03030303
402 0.09803922
403 0.04456328
404 0.008912656
405 0.007130125
406 0.005347594
407 0.001782531
408 0
409 0.04634581
410 0
411 0.005347594
412 0.03565062
413 0.0516934
414 0.04634581
415 0.01426025
416 0.04812834
417 0.001782531
418 0.07130125
419 0.2727273
420 0.03208556
421 0.01604278
422 0.04812834
423 0.01604278
424 0.005347594
425 0.01604278
426 0.05882353
427 0.03386809
428 0.5187166
429 0.01426025
430 0.01426025
431 0.4367201
432 0.4171123
433 0.04991087
434 0.02495544
435 0.09090909
436 0.3315508
437 0.057041
438 0.03743316
439 0
440 0.06595365
441 0.03030303
442 0.03386809
443 0.08734403
444 0.600713
445 0.1372549
446 0.01604278
447 0.02495544
448 0
449 0.04099822
450 0.03386809
451 0.01426025
452 0.5525847
453 0.01960784
454 0.057041
455 0.05882353
456 0.2513369
457 0.057041
458 0.01247772
459 0.04278075
460 0.0516934
461 0.04278075
462 0.4901961
463 0.1069519
464 0.03565062
465 0.02495544
466 0
467 0.0285205
468 0.001782531
469 0.5686275
470 0.008912656
471 0
472 0.03208556
473 0.007130125
474 0.02317291
475 0.1639929
476 0.001782531
477 0.2869875
478 0.007130125
479 0.09269162
480 0.1069519
481 0.03565062
482 0.003565062
483 0.04278075
484 0.03743316
485 0.007130125
486 0.005347594
487 0
488 0.01426025
489 0.02495544
490 0.201426
491 0.114082
492 0.02317291
493 0.4545455
494 0.04634581
495 0.4010695
496 0.0285205
497 0.04634581
498 0.5115865
499 0.01426025
500 0.4402852
501 0
502 0.08912656
503 0.1033868
504 0.01426025
505 0.0516934
506 0.003565062
507 0.04278075
508 0.01247772
509 0.03030303
510 0.03386809
511 0.0855615
512 0.1016043
513 0.008912656
514 0.1212121
515 0.04812834
516 0.04991087
517 0
518 0.02139037
519 0
520 0.001782531
521 0.005347594
522 0.09982175
523 0.03208556
524 0.02139037
525 0.3921569
526 0.01247772
527 0.4242424
528 0.01782531
529 0.4581105
530 0.09803922
531 0.06060606
532 0.1033868
533 0.008912656
534 0.06417112
535 0.01782531
536 0.04634581
537 0.258467
538 0.05882353
539 0.08734403
540 0.008912656
541 0.04099822
542 0.4795009
543 0.01960784
544 0.3832442
545 0.01960784
546 0.008912656
547 0.09982175
548 0.03743316
549 0.3743316
550 0.03386809
551 0.08734403
552 0.01069519
553 0.01247772
554 0.007130125
555 0.01247772
556 0.07486631
557 0.03030303
558 0.04099822
559 0
560 0.06417112
561 0.07308378
562 0.1746881
563 0.1158645
564 0.03030303
565 0.5365419
566 0.0285205
567 0
568 0.1853832
569 0.3190731
570 0.08912656
571 0.1372549
572 0.1942959
573 0
574 0.1069519
575 0.04634581
576 0.1212121
577 0.3083779
578 0.09447415
579 0.3190731
580 0.06238859
581 0.05882353
582 0.1372549
583 0.04634581
584 0.09625668
585 0.4812834
586 0.01604278
587 0.3404635
588 0.01960784
589 0.2834225
590 0
591 0.001782531
592 0.1283422
593 0.4153298
594 0.01960784
595 0.04456328
596 0.02139037
597 0.02317291
598 0.02139037
599 0.06238859
600 0.01960784
601 0.04456328
602 0.4278075
603 0.04634581
604 0.06238859
605 0.5686275
606 0.4278075
607 0.4634581
608 0.01426025
609 0.01960784
610 0.01069519
611 0.08377897
612 0.06773619
613 0
614 0.07308378
615 0.02673797
616 0.06773619
617 0.2994652
618 0.05882353
619 0.2602496
620 0.03565062
621 0.05882353
622 0.5115865
623 0.3065954
624 0
625 0.04099822
626 0.01960784
627 0.01247772
628 0.02495544
629 0.0516934
630 0.008912656
631 0.14082
632 0.06238859
633 0.1390374
634 0.01960784
635 0.02673797
636 0.04456328
637 0.01426025
638 0.1960784
639 0.01247772
640 0.1016043
641 0.02673797
642 0.1212121
643 0.005347594
644 0.06060606
645 0.1639929
646 0.06951872
647 0.03386809
648 0.04634581
649 0.001782531
650 0.1693405
651 0.01604278
652 0.01604278
653 0.01247772
654 0.0802139
655 0.005347594
656 0
657 0.04099822
658 0.01247772
659 0.02317291
660 0.03921569
661 0.1016043
662 0.03921569
663 0.057041
664 0.008912656
665 0.01069519
666 0.06417112
667 0.007130125
668 0.007130125
669 0.01960784
670 0.04099822
671 0.09090909
672 0.03386809
673 0.057041
674 0.1105169
675 0.03208556
676 0.02139037
677 0.01782531
678 0.04991087
679 0
680 0.01604278
681 0.03743316
682 0.03030303
683 0.001782531
684 0.01426025
685 0.001782531
686 0.04991087
687 0.03921569
688 0.03921569
689 0.001782531
690 0.01426025
691 0.4581105
692 0.1069519
693 0.01069519
694 0.02317291
695 0.0285205
696 0.1122995
697 0.008912656
698 0.1372549
699 0
700 0
701 0.005347594
702 0.04456328
703 0.0285205
704 0.3404635
705 0.001782531
706 0.513369
707 0.07664884
708 0.06595365
709 0.426025
710 0.01247772
711 0.04812834
712 0.04456328
713 0.2210339
714 0.1693405
715 0.008912656
716 0.01782531
717 0.001782531
718 0.01247772
719 0.02317291
720 0
721 0
722 0.057041
723 0.008912656
724 0.04456328
725 0.3582888
726 0.3761141
727 0.001782531
728 0.04456328
729 0.4099822
730 0.03921569
731 0.01604278
732 0.01247772
733 0.08377897
734 0.02673797
735 0.02139037
736 0
737 0.06417112
738 0.001782531
739 0.4438503
740 0.04812834
741 0
742 0.005347594
743 0.2673797
744 0.057041
745 0.005347594
746 0.4064171
747 0
748 0.08199643
749 0.007130125
750 0.1212121
751 0.1764706
752 0.03386809
753 0.04991087
754 0.01069519
755 0.001782531
756 0.057041
757 0.06595365
758 0.2887701
759 0.0285205
760 0.06951872
761 0.01247772
762 0.1033868
763 0.04456328
764 0.01426025
765 0.0285205
766 0.4188948
767 0.4705882
768 0.02673797
769 0.02139037
770 0.01069519
771 0.06773619
772 0.1212121
773 0.008912656
774 0.1069519
775 0
776 0.09982175
777 0.02673797
778 0.01426025
779 0.07486631
780 0.005347594
781 0.07308378
782 0.04991087
783 0.4919786
784 0.0285205
785 0.008912656
786 0.4812834
787 0.0285205
788 0.007130125
789 0.08199643
790 0
791 0.007130125
792 0
793 0.03030303
794 0.1247772
795 0.114082
796 0.04991087
797 0.06951872
798 0.1604278
799 0.02495544
800 0.01426025
801 0.1319073
802 0.1782531
803 0
804 0.06238859
805 0.04278075
806 0.4349376
807 0.003565062
808 0.01247772
809 0.5686275
810 0.399287
811 0.01426025
812 0.007130125
813 0.005347594
814 0.01247772
815 0.03030303
816 0.08199643
817 0.02673797
818 0.003565062
819 0
820 0.057041
821 0.03030303
822 0.007130125
823 0.1550802
824 0.04991087
825 0.06238859
826 0.04099822
827 0.06951872
828 0.0516934
829 0.01426025
830 0.01426025
831 0.04278075
832 0.005347594
833 0.08199643
834 0.005347594
835 0.04456328
836 0.07130125
837 0.02317291
838 0.007130125
839 0.02317291
840 0.1319073
841 0.04634581
842 0.05347594
843 0.005347594
844 0.08199643
845 0.01069519
846 0.1212121
847 0.09090909
848 0.01426025
849 0.008912656
850 0.5080214
851 0.1247772
852 0.02317291
853 0.02139037
854 0.01960784
855 0.01782531
856 0.02673797
857 0.03386809
858 0.04812834
859 0.1229947
860 0.001782531
861 0.1426025
862 0.04099822
863 0.459893
864 0.01782531
865 0.04099822
866 0.005347594
867 0.368984
868 0
869 0.07308378
870 0.03208556
871 0.007130125
872 0.005347594
873 0.09090909
874 0.0516934
875 0.4581105
876 0.06773619
877 0.06951872
878 0.01960784
879 0.07843137
880 0.01782531
881 0.04812834
882 0.1194296
883 0
884 0.09090909
885 0
886 0.008912656
887 0.03565062
888 0.005347594
889 0.02317291
890 0.001782531
891 0.02673797
892 0.01426025
893 0.06595365
894 0.08734403
895 0.2067736
896 0.005347594
897 0.426025
898 0.06773619
899 0.003565062
900 0.03030303
901 0.007130125
902 0
903 0.144385
904 0.1087344
905 0.0285205
906 0.02673797
907 0.4099822
908 0.04456328
909 0.08912656
910 0.05347594
911 0.1568627
912 0.5614973
913 0.01069519
914 0.1265597
915 0.01960784
916 0.005347594
917 0.4491979
918 0.5472371
919 0.1051693
920 0.3707665
921 0.02139037
922 0.007130125
923 0.2798574
924 0.1283422
925 0.4670232
926 0.02673797
927 0.06773619
928 0.3903743
929 0.2923351
930 0.04278075
931 0.1283422
932 0.008912656
933 0.03565062
934 0.008912656
935 0.4064171
936 0.06773619
937 0.03208556
938 0.001782531
939 0.03030303
940 0.06417112
941 0.005347594
942 0.03921569
943 0.003565062
944 0.04991087
945 0.372549
946 0.02139037
947 0.4438503
948 0.1016043
949 0.04456328
950 0.06060606
951 0.03565062
952 0.008912656
953 0.06060606
954 0.5311943
955 0.02317291
956 0.02139037
957 0.4705882
958 0.4705882
959 0.01069519
960 0.01426025
961 0.05525847
962 0.1586453
963 0.03743316
964 0.01247772
965 0.3030303
966 0.005347594
967 0.04634581
968 0.05525847
969 0.06773619
970 0.02495544
971 0
972 0.007130125
973 0.08734403
974 0.09090909
975 0.4919786
976 0.5044563
977 0.02139037
978 0.1515152
979 0.02139037
980 0.3565062
981 0.01069519
982 0.459893
983 0.06595365
984 0.02139037
985 0.09982175
986 0.005347594
987 0.368984
988 0.05525847
989 0.09447415
990 0.1283422
991 0
992 0
993 0.01604278
994 0.09982175
995 0
996 0.1800357
997 0.04634581
998 0
999 0.02673797
1000 0.005347594
