i white black
1 0 0
2 0 0
3 0 0.04862579
4 0 0
5 0 0
6 0 0
7 0.05919662 0.3298097
8 0 0
9 0 0
10 0 0
11 0 0
12 0 0.00845666
13 0.05285412 0.217759
14 0 0.02748414
15 0 0.01268499
16 0.09513742 0
17 0 0.0782241
18 0 0.002114165
19 0 0
20 0 0
21 0 0.01057082
22 0 0
23 0 0
24 0 0
25 0 0.1078224
26 0 0
27 0 0
28 0 0.006342495
29 0 0
30 0.006342495 0.07188161
31 0.1564482 0
32 0 0
33 0 0.2241015
34 0.0845666 0
35 0 0
36 0 0
37 0 0
38 0.1437632 0
39 0 0
40 0 0.1627907
41 0 0
42 0 0
43 0 0
44 0 0
45 0 0
46 0 0
47 0 0.006342495
48 0 0
49 0.01057082 0.04439746
50 0 0
51 0 0
52 0 0
53 0 0.04651163
54 0 0.00422833
55 0 0
56 0 0.02325581
57 0 0
58 0 0
59 0 0
60 0 0.00845666
61 0.1945032 0.002114165
62 0 0.09090909
63 0.09090909 0
64 0 0
65 0 0
66 0 0.04651163
67 0 0
68 0 0.01691332
69 0 0
70 0 0
71 0 0
72 0 0
73 0 0
74 0.08879493 0.4038055
75 0 0.1374207
76 0 0
77 0 0.0422833
78 0 0
79 0 0.002114165
80 0 0
81 0 0
82 0 0.217759
83 0 0
84 0 0
85 0 0
86 0 0
87 0 0
88 0 0
89 0.2769556 0
90 0 0
91 0 0
92 0 0
93 0 0.002114165
94 0 0
95 0 0
96 0 0
97 0 0.01057082
98 0 0
99 0 0.09513742
100 0 0
101 0 0.2642706
102 0 0
103 0 0
104 0 0
105 0.01479915 0.04862579
106 0 0.1353066
107 0 0
108 0.2515856 0.2071882
109 0 0.05919662
110 0 0
111 0 0
112 0 0
113 0 0
114 0.05708245 0.179704
115 0 0
116 0 0
117 0 0
118 0 0
119 0 0
120 0 0
121 0 0
122 0 0.167019
123 0 0.04862579
124 0 0
125 0 0
126 0.00845666 0.07610994
127 0 0.08668076
128 0 0
129 0 0
130 0 0.01479915
131 0 0.00422833
132 0 0
133 0 0
134 0.09513742 0.2029598
135 0 0.2600423
136 0 0
137 0 0
138 0 0.00422833
139 0 0
140 0 0
141 0 0
142 0 0
143 0 0
144 0 0
145 0 0
146 0 0.01268499
147 0 0
148 0.09090909 0.07399577
149 0 0
150 0 0
151 0.00422833 0
152 0 0
153 0 0.02959831
154 0 0.02748414
155 0 0
156 0 0
157 0 0
158 0 0.00422833
159 0 0
160 0 0
161 0 0
162 0 0.07610994
163 0 0
164 0 0
165 0.002114165 0.03382664
166 0 0.00422833
167 0 0
168 0 0
169 0.08245243 0.2684989
170 0 0.03382664
171 0 0.06553911
172 0 0.09513742
173 0.1035941 0
174 0 0
175 0 0
176 0 0
177 0 0
178 0 0
179 0.01691332 0
180 0.1078224 0
181 0 0.03805497
182 0 0
183 0 0.02114165
184 0 0
185 0 0.05285412
186 0 0.154334
187 0 0.00422833
188 0.1057082 0
189 0 0
190 0 0.00422833
191 0 0
192 0 0.05708245
193 0 0
194 0 0
195 0 0.3403805
196 0 0.02959831
197 0 0
198 0.141649 0
199 0 0
200 0 0
201 0 0.02748414
202 0 0
203 0.06765328 0
204 0 0.01902748
205 0 0
206 0 0.04439746
207 0 0.04651163
208 0 0
209 0 0
210 0 0
211 0 0.00845666
212 0 0.01057082
213 0 0
214 0 0
215 0 0
216 0.2029598 0
217 0 0
218 0 0.006342495
219 0 0
220 0 0.01268499
221 0 0
222 0 0
223 0 0.07188161
224 0 0
225 0 0
226 0 0
227 0 0.00422833
228 0 0
229 0 0
230 0 0.05496829
231 0 0
232 0 0
233 0 0.0422833
234 0 0
235 0 0
236 0 0
237 0 0
238 0 0
239 0 0.002114165
240 0 0.2346723
241 0 0
242 0 0
243 0 0
244 0 0.1057082
245 0 0.03382664
246 0 0
247 0 0
248 0 0.02748414
249 0 0
250 0 0
251 0 0.08879493
252 0 0
253 0 0.06131078
254 0 0.00422833
255 0 0.00845666
256 0 0.02536998
257 0 0
258 0 0
259 0 0
260 0 0
261 0 0.02959831
262 0 0
263 0 0.1183932
264 0 0
265 0 0
266 0 0.1183932
267 0 0
268 0 0
269 0 0
270 0 0
271 0 0.0359408
272 0 0.08879493
273 0 0
274 0 0
275 0 0
276 0 0.1226216
277 0 0.04651163
278 0 0
279 0 0
280 0 0.00845666
281 0 0
282 0 0
283 0 0
284 0 0
285 0 0.01057082
286 0 0
287 0 0.00422833
288 0 0
289 0 0
290 0 0
291 0 0
292 0 0
293 0 0
294 0 0
295 0 0
296 0 0
297 0 0
298 0 0
299 0 0
300 0 0.04862579
301 0 0
302 0 0.002114165
303 0 0.04016913
304 0 0
305 0 0
306 0 0
307 0 0
308 0 0
309 0 0
310 0.2029598 0.06976744
311 0 0.02536998
312 0 0
313 0 0
314 0 0
315 0 0
316 0 0
317 0 0.00845666
318 0 0
319 0 0
320 0 0.00422833
321 0 0
322 0 0.01691332
323 0 0
324 0 0
325 0 0
326 0 0.006342495
327 0 0
328 0 0
329 0.05285412 0.00845666
330 0.04439746 0.06553911
331 0 0.1902748
332 0 0
333 0 0.01479915
334 0.006342495 0.00422833
335 0 0.05073996
336 0 0
337 0 0
338 0 0
339 0 0
340 0 0.04016913
341 0 0
342 0 0
343 0 0
344 0 0
345 0 0.04862579
346 0 0.1099366
347 0 0
348 0.1057082 0
349 0 0
350 0 0.02959831
351 0 0
352 0 0.1226216
353 0 0
354 0 0
355 0 0.04651163
356 0 0
357 0 0
358 0 0.02536998
359 0 0.01268499
360 0 0
361 0 0
362 0 0
363 0 0.03382664
364 0 0.0845666
365 0 0.00845666
366 0 0
367 0 0
368 0 0
369 0 0
370 0 0
371 0 0
372 0 0
373 0 0
374 0.02325581 0.05708245
375 0 0.2790698
376 0 0
377 0 0
378 0 0
379 0 0
380 0.1839323 0.1078224
381 0 0
382 0 0
383 0 0
384 0 0
385 0 0.05708245
386 0 0
387 0 0
388 0 0.01268499
389 0 0.01057082
390 0 0.01268499
391 0 0
392 0 0
393 0 0
394 0.09725159 0
395 0.06553911 0.006342495
396 0 0
397 0 0
398 0 0.03382664
399 0 0.01691332
400 0 0
401 0 0
402 0 0
403 0 0.00845666
404 0 0
405 0 0
406 0.03171247 0
407 0 0
408 0 0.006342495
409 0 0
410 0 0
411 0 0.02114165
412 0 0
413 0 0
414 0 0
415 0 0
416 0 0
417 0 0
418 0 0
419 0 0
420 0 0
421 0 0
422 0 0
423 0 0
424 0 0.02114165
425 0 0
426 0 0
427 0 0
428 0 0
429 0.09302326 0.00422833
430 0 0
431 0 0
432 0 0
433 0 0
434 0 0
435 0 0
436 0 0
437 0 0.002114165
438 0 0
439 0 0.002114165
440 0 0.217759
441 0 0
442 0 0
443 0 0.00845666
444 0 0.04651163
445 0 0
446 0 0.07610994
447 0 0
448 0.1247357 0.3065539
449 0 0
450 0.002114165 0.01691332
451 0 0.002114165
452 0.06765328 0
453 0.02114165 0
454 0.2029598 0.192389
455 0 0
456 0 0
457 0 0
458 0 0
459 0.00845666 0.002114165
460 0 0
461 0 0
462 0 0
463 0 0
464 0 0
465 0 0
466 0 0.02325581
467 0 0
468 0 0.01479915
469 0 0.04016913
470 0 0
471 0 0
472 0 0
473 0 0
474 0 0
475 0 0
476 0 0
477 0.06342495 0.1078224
478 0 0
479 0.02959831 0
480 0 0
481 0 0
482 0 0
483 0 0
484 0 0.03382664
485 0 0
486 0 0
487 0 0
488 0.00422833 0
489 0 0.00845666
490 0 0
491 0 0
492 0 0
493 0 0
494 0 0
495 0 0
496 0.08879493 0.02959831
497 0 0
498 0 0
499 0.04016913 0
