i white black
1 0 0
2 0 0
3 0 0
4 0 0
5 0 0
6 0 0
7 0 0
8 0 0.1960784
9 0 0
10 0 0.001782531
11 0 0
12 0 0
13 0 0
14 0.003565062 0
15 0 0
16 0 0
17 0 0
18 0 0
19 0 0
20 0 0
21 0 0
22 0 0.1996435
23 0 0
24 0 0.07486631
25 0 0.01604278
26 0 0
27 0 0
28 0 0
29 0 0.02495544
30 0 0
31 0 0.2834225
32 0 0
33 0.02317291 0.003565062
34 0 0.02673797
35 0 0
36 0 0
37 0.04456328 0.3262032
38 0 0
39 0 0.03030303
40 0 0.04099822
41 0 0.1016043
42 0 0
43 0 0.1622103
44 0 0
45 0 0
46 0 0
47 0.06060606 0
48 0 0.005347594
49 0 0
50 0 0
51 0 0
52 0 0
53 0 0
54 0 0
55 0 0.1336898
56 0 0
57 0 0.06060606
58 0 0
59 0 0.04099822
60 0 0.03743316
61 0 0
62 0 0
63 0 0
64 0 0.005347594
65 0 0.06238859
66 0 0
67 0 0
68 0 0
69 0 0
70 0 0
71 0 0
72 0 0
73 0 0
74 0 0.007130125
75 0 0
76 0.01247772 0.005347594
77 0 0.001782531
78 0 0.01069519
79 0 0
80 0 0.02673797
81 0 0
82 0 0
83 0 0
84 0 0
85 0 0
86 0 0
87 0 0
88 0 0
89 0 0.09090909
90 0 0
91 0 0.06951872
92 0 0.0285205
93 0 0
94 0 0
95 0 0
96 0 0
97 0 0
98 0 0
99 0 0
100 0 0
101 0.01782531 0
102 0 0
103 0 0
104 0 0
105 0 0
106 0 0
107 0 0
108 0 0
109 0 0.2032086
110 0.001782531 0
111 0 0.0285205
112 0 0.01782531
113 0 0
114 0 0.2673797
115 0 0
116 0.2531194 0.1301248
117 0 0
118 0 0
119 0 0
120 0 0
121 0.1247772 0.01960784
122 0 0
123 0 0.08199643
124 0.1069519 0
125 0 0.005347594
126 0 0.01247772
127 0 0
128 0 0
129 0 0
130 0 0.1907308
131 0 0.3101604
132 0 0.1051693
133 0 0
134 0 0
135 0 0.01247772
136 0 0.06595365
137 0 0
138 0 0
139 0 0
140 0 0
141 0 0
142 0 0
143 0 0
144 0 0
145 0 0.2976827
146 0 0
147 0 0
148 0.1087344 0
149 0 0
150 0 0
151 0 0
152 0.03743316 0.005347594
153 0 0
154 0 0
155 0 0
156 0 0
157 0 0
158 0 0.02495544
159 0 0
160 0 0
161 0 0.0285205
162 0 0
163 0 0
164 0 0
165 0 0
166 0 0.005347594
167 0 0
168 0 0
169 0.06951872 0.01069519
170 0.1390374 0.01782531
171 0 0.2816399
172 0 0.01604278
173 0 0.02673797
174 0 0
175 0 0.1283422
176 0 0
177 0 0
178 0 0.001782531
179 0 0.1871658
180 0 0
181 0 0
182 0 0
183 0 0
184 0 0.06060606
185 0 0
186 0 0
187 0 0.005347594
188 0 0
189 0 0
190 0 0
191 0 0
192 0 0.3101604
193 0 0
194 0 0.06773619
195 0.08377897 0.01782531
196 0 0.1515152
197 0 0
198 0 0.07486631
199 0.1461676 0.1069519
200 0 0
201 0 0.1016043
202 0 0.01604278
203 0 0
204 0 0
205 0 0
206 0 0
207 0 0
208 0 0
209 0 0
210 0 0
211 0 0
212 0.2869875 0.254902
213 0 0
214 0 0.005347594
215 0 0
216 0 0
217 0 0
218 0 0
219 0.03208556 0
220 0 0
221 0.2352941 0
222 0 0.008912656
223 0 0
224 0 0
225 0 0
226 0 0
227 0 0
228 0 0
229 0 0
230 0 0.1461676
231 0.01247772 0
232 0 0.1158645
233 0 0
234 0 0
235 0 0.06060606
236 0.01069519 0
237 0 0.01960784
238 0 0
239 0 0
240 0 0
241 0 0
242 0 0
243 0 0.01782531
244 0 0
245 0 0
246 0 0
247 0 0
248 0 0
249 0 0.005347594
250 0 0
251 0 0.14082
252 0 0
253 0 0.07308378
254 0 0
255 0 0
256 0 0
257 0 0.003565062
258 0 0.1586453
259 0 0.01604278
260 0 0
261 0 0
262 0 0.01247772
263 0 0.003565062
264 0 0
265 0.1550802 0.2869875
266 0 0
267 0.228164 0
268 0 0
269 0 0.003565062
270 0 0.005347594
271 0 0
272 0 0
273 0 0
274 0 0.04634581
275 0 0
276 0 0.07664884
277 0 0
278 0 0
279 0.07486631 0.1550802
280 0 0
281 0.06417112 0
282 0 0.005347594
283 0 0.1996435
284 0 0.1426025
285 0 0
286 0 0.01247772
287 0 0
288 0 0
289 0 0.2994652
290 0 0
291 0 0.01604278
292 0 0
293 0 0
294 0.1158645 0
295 0 0
296 0 0
297 0 0
298 0 0.001782531
299 0 0
300 0 0.008912656
301 0 0
302 0 0
303 0 0
304 0 0
305 0 0.01426025
306 0 0.04099822
307 0 0
308 0 0
309 0 0.2388592
310 0 0
311 0 0
312 0 0
313 0 0
314 0 0
315 0 0
316 0.01247772 0
317 0 0
318 0 0
319 0 0.01069519
320 0 0
321 0 0
322 0 0.08912656
323 0 0
324 0 0
325 0 0
326 0 0
327 0 0
328 0 0.001782531
329 0 0
330 0 0
331 0 0
332 0 0.06417112
333 0 0
334 0 0.09625668
335 0 0.01960784
336 0 0
337 0 0
338 0 0
339 0 0
340 0 0
341 0 0.001782531
342 0 0
343 0 0.1283422
344 0 0
345 0 0
346 0.04812834 0
347 0 0
348 0 0
349 0 0
350 0 0
351 0 0
352 0.02139037 0.03208556
353 0 0
354 0 0
355 0 0
356 0 0.057041
357 0 0.03030303
358 0 0.3440285
359 0 0
360 0 0.008912656
361 0 0.03386809
362 0 0
363 0 0
364 0 0.08734403
365 0 0.1122995
366 0 0.03030303
367 0.2317291 0
368 0 0.005347594
369 0 0.2638146
370 0 0
371 0 0.2388592
372 0 0
373 0 0
374 0 0
375 0 0.2139037
376 0 0.02495544
377 0 0
378 0 0
379 0 0
380 0 0
381 0 0
382 0 0
383 0 0
384 0 0
385 0.03208556 0.04278075
386 0.1586453 0.2887701
387 0 0.1390374
388 0 0
389 0 0.003565062
390 0 0
391 0 0
392 0 0
393 0 0
394 0 0
395 0 0.008912656
396 0 0.1122995
397 0 0
398 0 0
399 0 0
400 0 0
401 0 0.1087344
402 0 0
403 0 0
404 0 0
405 0 0.007130125
406 0 0
407 0 0
408 0.003565062 0
409 0 0.01604278
410 0 0
411 0 0.09447415
412 0 0
413 0 0.04812834
414 0 0
415 0 0
416 0 0.007130125
417 0 0.001782531
418 0 0
419 0 0
420 0 0
421 0 0
422 0 0.003565062
423 0 0.005347594
424 0 0.02139037
425 0 0
426 0 0
427 0 0
428 0 0.003565062
429 0 0.005347594
430 0 0
431 0 0
432 0 0
433 0 0
434 0.01247772 0
435 0 0
436 0 0
437 0 0.007130125
438 0 0.05882353
439 0 0
440 0.003565062 0
441 0 0
442 0 0
443 0 0.07308378
444 0 0
445 0.1907308 0.1836007
446 0 0.01604278
447 0 0.2103387
448 0 0
449 0 0
450 0 0.003565062
451 0 0
452 0 0
453 0 0
454 0 0.008912656
455 0 0
456 0 0
457 0 0
458 0 0
459 0 0.03386809
460 0.1764706 0.09269162
461 0 0
462 0 0
463 0.1800357 0.06238859
464 0 0
465 0 0
466 0 0.1639929
467 0 0
468 0 0
469 0 0
470 0 0
471 0 0
472 0 0.07486631
473 0 0.2174688
474 0.005347594 0
475 0 0
476 0 0
477 0 0.03565062
478 0 0
479 0 0
480 0 0
481 0 0
482 0.09803922 0
483 0 0
484 0 0.001782531
485 0 0
486 0 0
487 0 0
488 0 0.005347594
489 0 0
490 0.08912656 0
491 0 0
492 0 0.01782531
493 0 0
494 0 0
495 0 0.1568627
496 0 0.1586453
497 0.2317291 0
498 0 0
499 0.01247772 0.02317291
500 0 0
