i typeI.0 typeI.2
1 0 0.1870324
2 0 0.02176377
3 0.03649966 0.007027885
4 0 0
5 0 0.01836318
6 0.001813648 0.0151893
7 0 0.04284743
8 0 0.007481297
9 0 0.006801179
10 0 0.1269553
11 0 0
12 0 0.004987531
13 0.08320109 0.2169576
14 0 0.0532759
15 0 0.1081387
16 0.0342326 0.06642485
17 0.000226706 0.005440943
18 0 0.02131036
19 0 0.001586942
20 0.2833825 0.0759465
21 0.0004534119 0.02357742
22 0.003400589 0.01246883
23 0 0.00113353
24 0 0.003173883
25 0 0.02221718
26 0 0.006801179
27 0.01700295 0.06710496
28 0 0.008614827
29 0.1471322 0.05531625
30 0 0.007481297
31 0.04080707 0.03854001
32 0 0.01813648
33 0 0.00113353
34 0 0.001360236
35 0.03763319 0.07912038
36 0 0.007027885
37 0 0.004307413
38 0.00113353 0.1187939
39 0 0.04624802
40 0 0.0006801179
41 0.01609612 0.06574473
42 0.001586942 0.03491272
43 0 0.02085695
44 0.0228973 0.2990252
45 0 0.004534119
46 0.001813648 0.02040354
47 0 0.01224212
48 0 0.005440943
49 0 0.003173883
50 0 0.03105872
51 0.05531625 0.008388121
52 0.0004534119 0.007708003
53 0 0.02357742
54 0.006121061 0.01949671
55 0.05962367 0.07322603
56 0 0.0569032
57 0.04012696 0.01632283
58 0 0.006574473
59 0.1011109 0.01949671
60 0.01314895 0.002040354
61 0.01110859 0.04828837
62 0.1060984 0.06234414
63 0.000226706 0.04987531
64 0 0.02584448
65 0.06801179 0.006574473
66 0 0.01382906
67 0 0.01246883
68 0 0
69 0.0006801179 0.2956246
70 0.002720472 0.01858989
71 0 0.01700295
72 0 0.0265246
73 0.00113353 0.001813648
74 0 0.01949671
75 0 0.002493766
76 0.2770347 0.111766
77 0.04828837 0.113353
78 0 0.001586942
79 0.2874632 0.3581954
80 0.04352754 0.08093403
81 0.006801179 0.006801179
82 0 0.009294944
83 0 0.01178871
84 0.0009068238 0.00226706
85 0 0.00113353
86 0 0.0004534119
87 0.001586942 0.02085695
88 0.03151213 0.02380413
89 0.0004534119 0.004080707
90 0 0.002040354
91 0 0.01995012
92 0.002040354 0
93 0 0.02380413
94 0.009068238 0.005894355
95 0 0.01337565
96 0 0.02335071
97 0 0.02720472
98 0.1174337 0.007708003
99 0 0.01541601
100 0 0.04987531
101 0 0.003400589
102 0 0.1038313
103 0.001586942 0.04738155
104 0.01382906 0.006347767
105 0 0.007934709
106 0 0.002947178
107 0 0.08161415
108 0 0.03083201
109 0 0.00952165
110 0.001813648 0.0006801179
111 0 0.03196554
112 0.007254591 0.04647472
113 0.01586942 0.03083201
114 0 0.02493766
115 0.000226706 0.01564271
116 0 0.02516436
117 0.03876672 0.2865563
118 0.0004534119 0.007934709
119 0 0.01428248
120 0 0.01337565
121 0.005894355 0.005214237
122 0 0.01677624
123 0 0.003627295
124 0.009068238 0
125 0 0.0006801179
126 0 0.0006801179
127 0.006121061 0.009748356
128 0.03899343 0.3162548
129 0.1076853 0.03128542
130 0 0.003627295
131 0.002947178 0.01269553
132 0.002493766 0.08161415
133 0 0
134 0 0.007254591
135 0.02607119 0.0303786
136 0 0.0006801179
137 0.002040354 0.02448424
138 0.04080707 0.01314895
139 0 0.02561777
140 0 0.006347767
141 0.03581954 0.02108365
142 0 0.06619814
143 0.0006801179 0.002720472
144 0 0.006347767
145 0 0.05667649
146 0.0911358 0.02720472
147 0.08592156 0.3026525
148 0 0.004760825
149 0.001360236 0.01042847
150 0 0.005894355
151 0 0.005667649
152 0 0.009068238
153 0.1101791 0.0378599
154 0 0.236681
155 0 0.00226706
156 0 0.002493766
157 0 0.007481297
158 0 0.004307413
159 0.01836318 0.01224212
160 0 0.00952165
161 0.09453639 0.1181138
162 0 0.003627295
163 0 0.0004534119
164 0 0.03763319
165 0.001813648 0.07776015
166 0.0009068238 0.02017683
167 0 0.02879166
168 0.07458626 0.04080707
169 0 0.004307413
170 0 0.002720472
171 0.000226706 0.0226706
172 0 0.004307413
173 0 0.01201542
174 0.003173883 0.05803673
175 0 0.06189073
176 0 0.002493766
177 0 0.0006801179
178 0 0.001586942
179 0 0.01836318
180 0 0.004534119
181 0 0.03672637
182 0.002040354 0.005440943
183 0 0.2974382
184 0 0.02969848
185 0 0.06030379
186 0 0.09204262
187 0 0.002947178
188 0.01405577 0.03672637
189 0 0.009068238
190 0 0.01700295
191 0.003627295 0.01405577
192 0 0.209703
193 0.0006801179 0.3119474
194 0 0.01813648
195 0 0.01020177
196 0.002947178 0.01110859
197 0.03445931 0.05350261
198 0.01405577 0.2348674
199 0.009294944 0.1158467
200 0.005440943 0.01654954
201 0.003400589 0.01972342
202 0 0.00226706
203 0 0.2448424
204 0.0006801179 0.003173883
205 0 0.004987531
206 0 0.002493766
207 0.003173883 0.3207889
208 0 0.02992519
209 0.03695307 0.003400589
210 0 0.0228973
211 0 0.0303786
212 0.011562 0.004307413
213 0 0.03559284
214 0 0.03355248
215 0.009068238 0.02539107
216 0.00113353 0.06347767
217 0.001586942 0.001586942
218 0.3053729 0.3026525
219 0.001360236 0.03604625
220 0.0009068238 0.002947178
221 0 0.01428248
222 0 0.011562
223 0 0.009068238
224 0 0
225 0.00113353 0.01496259
226 0 0.002493766
227 0.0006801179 0.01360236
228 0.01722965 0.205849
229 0 0.01496259
230 0.00113353 0.02629789
231 0.001813648 0.01927001
232 0 0.000226706
233 0.00113353 0.003400589
234 0.001360236 0.003173883
235 0.3092269 0.3176151
236 0.0004534119 0.03287236
237 0 0.004307413
238 0 0.02221718
239 0 0.02607119
240 0.00113353 0.01609612
241 0.05894355 0.0419406
242 0 0.008161415
243 0.001586942 0
244 0 0.006801179
245 0 0.001586942
246 0 0.003400589
247 0 0.0004534119
248 0.02085695 0.01881659
249 0 0.005440943
250 0.0009068238 0.0190433
251 0 0.01088189
252 0 0.0004534119
253 0 0.00952165
254 0 0.002040354
255 0 0.009294944
256 0.001360236 0.00113353
257 0 0.004080707
258 0.01768307 0.005894355
259 0 0.01314895
260 0.001360236 0.006574473
261 0.01632283 0.0530492
262 0.00226706 0.00226706
263 0.03287236 0.005440943
264 0 0.02040354
265 0 0.000226706
266 0.002040354 0.01405577
267 0 0
268 0 0.004760825
269 0.001586942 0.01042847
270 0 0.004987531
271 0 0.0004534119
272 0 0.01995012
273 0.002720472 0.03151213
274 0.005214237 0.000226706
275 0.00226706 0.01927001
276 0 0.00113353
277 0.002947178 0.2262526
278 0 0
279 0.000226706 0.03627295
280 0.07730673 0.02153707
281 0 0.01836318
282 0 0.000226706
283 0 0.0004534119
284 0 0.007481297
285 0 0.02539107
286 0 0.004987531
287 0.008841533 0.03536613
288 0.001360236 0.01042847
289 0.07685332 0.02856495
290 0.00952165 0.06030379
291 0.01790977 0.01269553
292 0.01949671 0.0009068238
293 0.0004534119 0.01178871
294 0 0.0004534119
295 0.06506461 0.3203355
296 0 0.007934709
297 0.0004534119 0.02697801
298 0 0.003173883
299 0.02448424 0.07503967
300 0 0.02607119
301 0 0.007708003
302 0 0.02788483
303 0 0.001586942
304 0.000226706 0.003854001
305 0.009748356 0.02312401
306 0.003627295 0.2641124
307 0 0
308 0.002720472 0.0380866
309 0.1124462 0.005894355
310 0.01790977 0.008614827
311 0 0.01382906
312 0.001813648 0.01020177
313 0 0.007027885
314 0 0.008161415
315 0.01269553 0.001813648
316 0 0.04420766
317 0 0.003400589
318 0.05803673 0.04262072
319 0 0.08342779
320 0.002040354 0
321 0.009748356 0.07889367
322 0 0.0607572
323 0 0.2849694
324 0 0.005214237
325 0 0.09703015
326 0 0.01722965
327 0.0004534119 0.05168896
328 0 0.06166402
329 0 0.0759465
330 0 0.005667649
331 0.08410791 0.09317615
332 0 0.01790977
333 0 0
334 0 0.02788483
335 0.01677624 0.002720472
336 0.000226706 0.006574473
337 0.0006801179 0.008841533
338 0.03128542 0.01428248
339 0 0
340 0.0004534119 0.01042847
341 0.0004534119 0.04035366
342 0.002947178 0.005894355
343 0.01178871 0.007027885
344 0.03173883 0.007254591
345 0 0.0988438
346 0 0.005440943
347 0.04602131 0.0378599
348 0.008614827 0.005894355
349 0 0.002720472
350 0 0.001813648
351 0 0.01654954
352 0 0
353 0 0.003400589
354 0 0.01496259
355 0 0.004987531
356 0 0
357 0 0
358 0.08433462 0.01246883
359 0 0.02629789
360 0 0.02516436
361 0 0
362 0 0.007708003
363 0.02380413 0.05010202
364 0 0.01609612
365 0.0006801179 0.04602131
366 0.000226706 0.02131036
367 0.001360236 0.004534119
368 0.004080707 0.01110859
369 0 0.008841533
370 0 0.005667649
371 0 0.002720472
372 0 0.01246883
373 0.09204262 0.01654954
374 0 0.00113353
375 0 0.04647472
376 0 0
377 0.001360236 0.002947178
378 0 0.00226706
379 0 0.07005214
380 0.001360236 0.01473589
381 0 0
382 0 0
383 0 0.003854001
384 0.000226706 0.003173883
385 0 0.004080707
386 0 0
387 0.0004534119 0.01677624
388 0 0.008161415
389 0 0.06325096
390 0.01654954 0.011562
391 0.006347767 0.09748356
392 0 0.03309907
393 0 0
394 0 0.006121061
395 0.06325096 0.07776015
396 0 0.0457946
397 0 0.01292224
398 0 0.01382906
399 0 0.02153707
400 0 0.01813648
401 0 0.008841533
402 0 0.03015189
403 0 0.03922013
404 0.0004534119 0.01360236
405 0 0.01995012
406 0 0.03899343
407 0.002947178 0.0265246
408 0 0.003854001
409 0.02856495 0.02176377
410 0.0190433 0.00226706
411 0.0532759 0.04420766
412 0.00113353 0.004534119
413 0 0.04602131
414 0.006801179 0.02765813
415 0.004307413 0.2418953
416 0.6166402 0.3459533
417 0.008841533 0
418 0 0.0004534119
419 0 0.004307413
420 0.001586942 0.01201542
421 0 0
422 0 0.04148719
423 0.01677624 0.06755838
424 0 0.005440943
425 0 0.02085695
426 0.001360236 0.03332578
427 0 0
428 0.05985037 0
429 0 0.009975062
430 0 0.02108365
431 0 0.001360236
432 0.0009068238 0.02040354
433 0 0.0004534119
434 0.0759465 0.01654954
435 0.000226706 0.02153707
436 0 0.001586942
437 0 0.0006801179
438 0.000226706 0.05894355
439 0 0.03944684
440 0 0.02403083
441 0.07889367 0.1029245
442 0 0.008841533
443 0 0.003173883
444 0.001360236 0.01020177
445 0 0.006347767
446 0 0.009294944
447 0 0.02629789
448 0.002040354 0.04284743
449 0.02199048 0.04602131
450 0 0.03105872
451 0 0.00113353
452 0 0.002947178
453 0.0006801179 0.05871684
454 0.01768307 0.007708003
455 0 0.0190433
456 0 0.009975062
457 0.03445931 0.007708003
458 0.000226706 0.006121061
459 0 0.01632283
460 0 0.003173883
461 0.000226706 0.0004534119
462 0 0.008388121
463 0.01564271 0.0006801179
464 0 0.00113353
465 0 0.05939696
466 0.01269553 0.01110859
467 0 0.004080707
468 0.007708003 0.01450918
469 0.006574473 0.0006801179
470 0.003627295 0.003854001
471 0 0.0006801179
472 0.001813648 0.0684652
473 0.01201542 0.140331
474 0.02335071 0.01722965
475 0.02063024 0.005667649
476 0.000226706 0.004987531
477 0 0.01836318
478 0 0.001586942
479 0.006121061 0.01609612
480 0 0.004080707
481 0 0.04738155
482 0.1183405 0.0646112
483 0 0.1333031
484 0 0.2967581
485 0 0.01858989
486 0.02901836 0.0455679
487 0 0.01632283
488 0.007708003 0.01586942
489 0 0.02176377
490 0 0.06257085
491 0 0.002493766
492 0 0.02448424
493 0 0.08048062
494 0 0
495 0 0.02901836
496 0.01813648 0.001813648
497 0 0
498 0 0.02584448
499 0 0.02788483
500 0.01813648 0.09907051
501 0.002947178 0.005214237
502 0 0.00113353
503 0 0.004987531
504 0 0.02811154
505 0.0006801179 0.1181138
506 0.0004534119 0.02153707
507 0 0.05667649
508 0 0.008614827
509 0 0.003627295
510 0 0.02380413
511 0.03672637 0.08773521
512 0.02085695 0.01722965
513 0.005214237 0.0006801179
514 0 0.01269553
515 0.0004534119 0
516 0.00226706 0.05123555
517 0 0.006121061
518 0.006801179 0.07866697
519 0 0.006574473
520 0.01178871 0.007481297
521 0 0.009294944
522 0.03015189 0.08342779
523 0 0.00952165
524 0 0.02063024
525 0.0004534119 0.01246883
526 0 0.0004534119
527 0.001813648 0.009748356
528 0.03377919 0.09408297
529 0 0.01360236
530 0 0.006347767
531 0 0.005667649
532 0 0.04624802
533 0 0.02856495
534 0 0.00226706
535 0 0.005214237
536 0 0.0006801179
537 0.004760825 0.04602131
538 0 0.009748356
539 0 0.005214237
540 0.006801179 0.04670143
541 0.001813648 0.02176377
542 0.0004534119 0.007027885
543 0 0.1457719
544 0.0009068238 0.02788483
545 0 0.00952165
546 0 0.01677624
547 0 0.02992519
548 0 0.06121061
549 0.01700295 0.02153707
550 0.007254591 0.03445931
551 0 0.01201542
552 0 0.01858989
553 0 0.1283156
554 0.02584448 0.01745636
555 0.04987531 0.009748356
556 0.0006801179 0.0006801179
557 0 0
558 0 0.01269553
559 0.002947178 0.04443437
560 0 0
561 0 0.02153707
562 0.03559284 0
563 0 0.004987531
564 0.00113353 0.03695307
565 0 0.005894355
566 0.003400589 0.003173883
567 0.0006801179 0.005667649
568 0 0.006121061
569 0 0.0228973
570 0 0
571 0 0.02153707
572 0.0417139 0.02901836
573 0.005214237 0.000226706
574 0.0009068238 0.02176377
575 0.05849014 0.2774881
576 0.04624802 0.04466107
577 0 0.006574473
578 0.0006801179 0.01972342
579 0 0.02539107
580 0 0.0151893
581 0 0.009975062
582 0 0.00113353
583 0.02040354 0.01790977
584 0 0.001813648
585 0 0.04398096
586 0.0009068238 0.03128542
587 0 0.04307413
588 0.003173883 0.01564271
589 0.001360236 0.02539107
590 0 0.02561777
591 0 0.007708003
592 0.04534119 0.02607119
593 0 0.03377919
594 0.003400589 0.0009068238
595 0.009068238 0.007027885
596 0 0.000226706
597 0.2437089 0.2530039
598 0.01428248 0.2223985
599 0.00113353 0.01337565
600 0 0.001586942
601 0.138744 0.01360236
602 0 0.003400589
603 0 0.01722965
604 0.001360236 0.011562
605 0.0306053 0.002493766
606 0 0.1260485
607 0.005894355 0.005214237
608 0.001360236 0.002493766
609 0.001813648 0.01178871
610 0 0.008388121
611 0.01065518 0.02312401
612 0.02969848 0.3139878
613 0 0.008614827
614 0 0.02040354
615 0 0.004987531
616 0 0.01609612
617 0 0.1128996
618 0.008388121 0.0306053
619 0.002947178 0.0113353
620 0 0.009748356
621 0.03967354 0.01065518
622 0.007027885 0.0226706
623 0 0.07934709
624 0.02221718 0.09544321
625 0.001586942 0.01632283
626 0.04080707 0.04239401
627 0 0.005214237
628 0 0.01337565
629 0 0.08342779
630 0.01065518 0.01995012
631 0.0004534119 0.009068238
632 0 0.006121061
633 0.006801179 0.1457719
634 0 0.003854001
635 0 0.008614827
636 0 0
637 0 0.003400589
638 0 0.01201542
639 0 0.0151893
640 0.005214237 0.07277261
641 0.01382906 0.04806166
642 0.009068238 0.005667649
643 0.008161415 0.03105872
644 0.01496259 0.03672637
645 0.003400589 0.0151893
646 0.3409658 0.2595783
647 0 0
648 0.01654954 0.06053049
649 0 0.1144865
650 0 0.000226706
651 0.000226706 0.0265246
652 0 0
653 0.03876672 0.0607572
654 0 0.02539107
655 0 0.004987531
656 0 0.02017683
657 0 0.005214237
658 0.01337565 0.04262072
659 0.01314895 0.1054183
660 0 0.03173883
661 0.04534119 0.03445931
662 0.004534119 0.006121061
663 0 0.02244389
664 0.02471095 0.1063251
665 0 0.006801179
666 0 0
667 0 0.04012696
668 0.06982544 0.03105872
669 0 0.01360236
670 0.02879166 0.01745636
671 0 0.00226706
672 0.006574473 0.003400589
673 0 0.004760825
674 0 0
675 0.0006801179 0.0004534119
676 0 0.1652686
677 0.0004534119 0.004307413
678 0 0.0419406
679 0.03740648 0.2493766
680 0 0.03151213
681 0 0.03196554
682 0 0.005214237
683 0 0.05962367
684 0.0004534119 0.1031512
685 0 0.00226706
686 0 0.006347767
687 0 0.01292224
688 0 0.07367944
689 0.02244389 0.08614827
690 0 0.005667649
691 0.009294944 0.005214237
692 0 0.2246656
693 0 0.04624802
694 0.000226706 0.07503967
695 0 0.0006801179
696 0 0.0684652
697 0 0.01020177
698 0 0.008841533
699 0 0.006574473
700 0 0.009975062
701 0 0.02040354
702 0.009748356 0.06529132
703 0.008614827 0.0226706
704 0.006121061 0.001586942
705 0 0.03944684
706 0.0004534119 0.02561777
707 0 0.004987531
708 0 0.01314895
709 0.1410111 0.04058037
710 0 0.01972342
711 0 0.005214237
712 0 0.01949671
713 0.05508955 0.01405577
714 0.105645 0.3294038
715 0 0.3051462
716 0 0
717 0 0.005214237
718 0.05486284 0.08660168
719 0.0004534119 0.005440943
720 0 0.008841533
721 0 0.00226706
722 0 0.003627295
723 0.03649966 0.03922013
724 0.001586942 0.05917026
725 0.04670143 0.06937202
726 0.0006801179 0.01269553
727 0.000226706 0.01858989
728 0 0
729 0 0.004307413
730 0.06143732 0.02697801
731 0.002493766 0.006121061
732 0.02720472 0.08569485
733 0 0
734 0 0.004987531
735 0 0.006347767
736 0.000226706 0.05146225
737 0.1178871 0.07776015
738 0 0
739 0 0.01654954
740 0 0.01269553
741 0 0.00226706
742 0 0.00226706
743 0 0.02153707
744 0 0.008841533
745 0 0.0113353
746 0.0004534119 0.01881659
747 0.0684652 0.07435956
748 0 0.00113353
749 0.000226706 0.04783496
750 0.001586942 0.003627295
751 0.007708003 0.01473589
752 0 0.009294944
753 0.386307 0.2953979
754 0 0.04262072
755 0 0.07662662
756 0 0
757 0.009068238 0.3260032
758 0.01224212 0.004080707
759 0.05644978 0.01541601
760 0.001586942 0
761 0 0
762 0.002720472 0.001360236
763 0 0.005667649
764 0.007254591 0.02153707
765 0 0.05372931
766 0 0.002947178
767 0 0.000226706
768 0 0.01836318
769 0 0
770 0.02244389 0.03695307
771 0 0.004760825
772 0 0.02879166
773 0 0.2670596
774 0 0.001360236
775 0 0
776 0.007254591 0.3033326
777 0 0.00113353
778 0 0.00113353
779 0.002040354 0.01065518
780 0 0
781 0.01450918 0.1004307
782 0 0
783 0 0.001813648
784 0 0.0004534119
785 0 0
786 0.02017683 0.004307413
787 0 0.0113353
788 0 0.004534119
789 0.00113353 0.00113353
790 0.1203809 0.007934709
791 0 0
792 0 0.009975062
793 0.004534119 0.03219225
794 0 0.01201542
795 0.0006801179 0.01700295
796 0 0.03854001
797 0.001360236 0.005214237
798 0 0.001813648
799 0.001813648 0.1135797
800 0 0.000226706
801 0.002040354 0.01405577
802 0.007708003 0.01813648
803 0.002040354 0.1450918
804 0.0004534119 0.1469055
805 0 0.02788483
806 0.001360236 0.01292224
807 0 0.01337565
808 0 0.04602131
809 0 0.01881659
810 0 0.03332578
811 0 0.2842893
812 0.2561777 0.3253231
813 0 0.06121061
814 0 0.02108365
815 0 0.0006801179
816 0 0.003400589
817 0.0004534119 0.01224212
818 0.0004534119 0.01927001
819 0 0.05372931
820 0.0004534119 0.06483791
821 0.002720472 0
822 0.002493766 0.007708003
823 0.0009068238 0.03513942
824 0.0006801179 0.0306053
825 0 0
826 0 0.01224212
827 0 0.1822716
828 0.007027885 0.02448424
829 0.00113353 0.02697801
830 0 0.011562
831 0 0.0004534119
832 0 0.3053729
833 0 0.08660168
834 0.01722965 0.004987531
835 0.009068238 0.2808887
836 0.000226706 0.0609839
837 0 0.01314895
838 0 0.01881659
839 0 0.05576967
840 0 0.007708003
841 0 0.02516436
842 0 0.02720472
843 0 0
844 0 0
845 0 0.008841533
846 0 0.01632283
847 0 0.01972342
848 0 0.002493766
849 0.07639991 0.3228293
850 0 0.004307413
851 0 0.006574473
852 0 0.01541601
853 0.004307413 0.004534119
854 0 0.005440943
855 0.0006801179 0.0306053
856 0.001813648 0.03740648
857 0 0.01858989
858 0 0.03309907
859 0 0.000226706
860 0.0006801179 0.01836318
861 0 0.01927001
862 0 0.01745636
863 0 0.01972342
864 0.007708003 0.0190433
865 0 0.02425754
866 0.0006801179 0.02947178
867 0 0.02199048
868 0 0.007481297
869 0 0.004307413
870 0 0.007027885
871 0 0.1013376
872 0 0.02697801
873 0.1496259 0.03763319
874 0 0.01541601
875 0 0.003854001
876 0.03083201 0.02380413
877 0 0.005214237
878 0 0
879 0.02992519 0.005214237
880 0 0.006801179
881 0.2672863 0.353888
882 0.001813648 0.01246883
883 0 0.01677624
884 0.002493766 0.01201542
885 0 0.09476309
886 0 0.009748356
887 0.001360236 0.004080707
888 0 0.01042847
889 0 0.006801179
890 0.000226706 0.03717978
891 0 0
892 0 0.002493766
893 0 0.002947178
894 0.01790977 0.01110859
895 0.08818862 0.06642485
896 0 0.006347767
897 0 0.0004534119
898 0 0.08206756
899 0 0
900 0.0004534119 0.01722965
901 0.01473589 0.0911358
902 0.004987531 0.06370438
903 0 0.003854001
904 0.002040354 0.05214237
905 0.002040354 0.04352754
906 0 0.0455679
907 0 0.0378599
908 0 0.02856495
909 0 0.04080707
910 0 0.00226706
911 0 0.01110859
912 0.01428248 0.01790977
913 0.0004534119 0.004534119
914 0 0.01405577
915 0.2496033 0.3436862
916 0 0.001360236
917 0.001360236 0.008161415
918 0 0.008841533
919 0.0006801179 0.01881659
920 0.008614827 0.04330084
921 0 0.02788483
922 0.1131263 0.05985037
923 0.09340286 0.0800272
924 0.0004534119 0.004307413
925 0 0.03264566
926 0.0113353 0.1280889
927 0.008388121 0.08818862
928 0.09748356 0.0009068238
929 0 0.006574473
930 0 0.02697801
931 0.05917026 0.02176377
932 0 0.002040354
933 0.005667649 0.05531625
934 0 0.004534119
935 0.03400589 0.000226706
936 0 0.004534119
937 0.04896849 0.02720472
938 0 0.009294944
939 0.0228973 0.0417139
940 0 0.002493766
941 0.007027885 0.005894355
942 0 0.002720472
943 0.01836318 0.0457946
944 0.1165269 0.02425754
945 0 0.0004534119
946 0 0.006574473
947 0 0.01042847
948 0 0.01382906
949 0.08546815 0.02833825
950 0.207436 0.3452732
951 0 0.04828837
952 0.01360236 0.02969848
953 0.002040354 0.02199048
954 0.04216731 0.02924507
955 0 0.01042847
956 0 0.007481297
957 0.004080707 0.009294944
958 0.002493766 0.01314895
959 0.009068238 0.3080934
960 0.005214237 0.005214237
961 0.03967354 0.02131036
962 0.03831331 0.2384947
963 0.03173883 0.2749943
964 0.002040354 0.02221718
965 0.03241895 0.02788483
966 0 0.02584448
967 0 0.0190433
968 0.0006801179 0
969 0 0
970 0 0.002720472
971 0.1802312 0.1033779
972 0.000226706 0.01450918
973 0 0.009748356
974 0 0.002040354
975 0.03151213 0.01201542
976 0 0.01405577
977 0 0.00226706
978 0 0.007027885
979 0 0.004080707
980 0 0.006121061
981 0 0.003627295
982 0 0.05758331
983 0.01700295 0.03287236
984 0 0.0798005
985 0 0.01858989
986 0 0.3092269
987 0.005214237 0.06642485
988 0.001586942 0.2827023
989 0 0.01564271
990 0.01314895 0.04987531
991 0 0.02153707
992 0 0.03649966
993 0 0.01337565
994 0 0.007481297
995 0.0720925 0.03332578
996 0 0.01722965
997 0.001586942 0.01110859
998 0.0006801179 0.007934709
999 0.00226706 0.0009068238
1000 0 0.01269553
