"i" "typeI.0" "typeI.2"
"1" 1 0.003403676 0.004311323
"5" 3 0.005445882 0.009984116
"7" 4 0 0
"10" 5 0 0
"13" 6 0.001815294 0.02745632
"16" 7 0 0.007714999
"19" 8 0 0.00136147
"22" 9 0 0.08486499
"25" 10 0.007261175 0.05400499
"29" 12 0.01429544 0.02654867
"32" 13 0.4417971 0.344452
"35" 14 0 0.0174722
"38" 15 0.03131382 0.08327661
"41" 16 0.09235307 0.05287043
"44" 17 0 0.009076469
"47" 18 0 0.002042206
"50" 19 0 0.0002269117
"2" 261 0.01974132 0.01815294
"3" 262 0.002949853 0.009984116
"4" 263 0 0.001134559
"6" 265 0 0.04152485
"8" 266 0 0.006807352
"9" 267 0 0.01089176
"11" 268 0 0.0002269117
"12" 269 0 0.0009076469
"14" 270 0 0
"15" 271 0 0.00136147
"17" 272 0 0.02291808
"18" 273 0 0.01021103
"20" 274 0 0
"21" 275 0.001815294 0.007034264
"23" 276 0 0.002042206
"24" 277 0.01134559 0.2409803
"26" 278 0.009303381 0.01792603
"27" 279 0.01611073 0.06262764
"28" 280 0.07238484 0.03562514
"30" 281 0 0.006353528
"31" 282 0.002496029 0.02064897
"33" 283 0.006126617 0
"34" 284 0 0.2201044
"36" 285 0 0
"37" 286 0.03494441 0
"39" 287 0.01860676 0.01338779
"40" 288 0.02949853 0.02042206
"42" 289 0.002496029 0.02064897
"43" 290 0 0.02541411
"45" 291 0 0.004311323
"46" 292 0 0
"48" 293 0 0
"49" 294 0.02813705 0.03766735
"51" 295 0 0.0004538235
"52" 296 0 0.01225323
"53" 297 0.1220785 0.02722941
"54" 298 0 0.01724529
"55" 299 0.004311323 0.02019514
"56" 300 0 0.03380985
"57" 301 0 0.008395734
"58" 302 0 0.009303381
"59" 303 0.0004538235 0.03449058
"60" 304 0.0002269117 0.009757204
"61" 305 0.004538235 0.0004538235
"62" 306 0 0.02246426
"63" 307 0 0
"64" 308 0 0.003857499
"65" 309 0.01066485 0.002042206
"66" 310 0.003403676 0.0009076469
"67" 311 0 0.01701838
"68" 312 0 0.00521897
"69" 313 0.003176764 0.004311323
"70" 314 0 0.1023372
"71" 315 0.006126617 0.006353528
"72" 316 0 0.01996823
"73" 317 0.12344 0.07760381
"74" 318 0.001815294 0.007941911
"75" 319 0 0.04697073
"76" 320 0 0.0004538235
"77" 321 0.003630588 0.01497617
"78" 322 0 0.001134559
"79" 323 0 0.03562514
"80" 324 0 0.002496029
"81" 325 0 0.02155661
"82" 326 0 0.1009757
"83" 327 0 0.01974132
"84" 328 0 0.02632176
"85" 329 0 0.07964602
"86" 330 0 0.0009076469
"87" 331 0.1118675 0.1198094
"88" 332 0 0.008622646
"89" 333 0 0.02473338
"90" 334 0 0.002496029
"91" 335 0.006353528 0.01293397
"92" 336 0 0.009530293
"93" 337 0 0.006126617
"94" 338 0.01270706 0.0115725
"95" 339 0 0
"96" 340 0.0009076469 0.02654867
"97" 341 0 0.002269117
"98" 342 0 0.007488087
"99" 343 0 0.005445882
"100" 344 0.00136147 0.001588382
"101" 345 0 0.02541411
"102" 346 0.005899705 0.007941911
"103" 347 0 0.03154073
"104" 348 0.008622646 0.01792603
"105" 349 0 0.002496029
"106" 350 0.001815294 0.002269117
"107" 351 0.009530293 0.01543
"108" 352 0 0.009076469
"109" 353 0 0
"110" 354 0.007488087 0.007941911
"111" 355 0 0.001134559
"112" 356 0 0
"113" 357 0 0.00136147
"114" 358 0.04175176 0.004538235
"115" 359 0 0.0251872
"116" 360 0.007488087 0.02564103
"117" 361 0 0
"118" 362 0.05173587 0.01406853
"119" 363 0.0251872 0.01111867
"120" 364 0 0.0002269117
"121" 365 0.01043794 0.01452235
"122" 366 0 0.002949853
"123" 367 0.0213297 0.03789426
"124" 368 0 0.001134559
"125" 369 0 0.01066485
"126" 370 0 0.007488087
"127" 371 0 0
"128" 372 0 0.03585205
"129" 373 0.04560926 0
"130" 374 0 0.0009076469
"131" 375 0 0.01497617
"132" 376 0.006353528 0.001815294
"133" 377 0.01089176 0.03154073
"134" 378 0 0
"135" 379 0 0.06444293
"136" 380 0.07306558 0.05445882
"137" 381 0.009076469 0.01111867
"138" 382 0.006126617 0
"139" 383 0 0.007941911
"140" 384 0 0.002949853
"141" 385 0.1992285 0.004765146
"142" 386 0 0.001815294
"143" 387 0.007488087 0.02405264
"144" 388 0 0.001815294
"145" 389 0 0.06625823
"146" 390 0 0.01270706
"147" 391 0 0.023145
"148" 392 0.001134559 0.002496029
"149" 393 0 0.005899705
"150" 394 0 0.0002269117
"151" 395 0.02201044 0.03857499
"152" 396 0.009757204 0.05355117
"153" 397 0 0.0004538235
"154" 398 0 0.007261175
"155" 399 0 0
"156" 400 0 0.05854323
"157" 401 0.007941911 0.00521897
"158" 402 0 0.09825278
"159" 403 0.002269117 0.001588382
"160" 404 0.0009076469 0.009984116
"161" 405 0 0.008622646
"162" 406 0.0009076469 0.03880191
"163" 407 0 0.006353528
"164" 408 0 0.004311323
"165" 409 0 0.008395734
"166" 410 0 0
"167" 411 0.07397322 0.04674382
"168" 412 0 0.004538235
"169" 413 0 0.2128432
"170" 414 0.03721352 0.01452235
"171" 415 0 0.0004538235
"172" 416 0.5159973 0.3226685
"173" 417 0 0.002269117
"174" 418 0 0
"175" 419 0 0
"176" 420 0 0.005899705
"177" 421 0 0
"178" 422 0.007941911 0.0251872
"179" 423 0.02745632 0.01043794
"180" 424 0 0.003857499
"181" 425 0 0.001134559
"182" 426 0.003630588 0.004311323
"183" 427 0.0004538235 0
"184" 428 0.08078058 0.002269117
"185" 429 0 0
"186" 430 0 0
"187" 431 0 0.01520309
"188" 432 0 0.007034264
"189" 433 0 0.02087588
"190" 434 0.04492852 0.01860676
"191" 435 0 0.004765146
"192" 436 0 0.0002269117
"193" 437 0.0002269117 0.01111867
"194" 438 0 0.03517132
"195" 439 0.001588382 0.1263898
"196" 440 0 0.009303381
"197" 441 0.02155661 0.0290447
"198" 442 0 0.1965056
"199" 443 0 0.006126617
"200" 444 0.001588382 0.004084411
"201" 445 0 0.00658044
"202" 446 0 0.01179941
"203" 447 0 0.008622646
"204" 448 0.0002269117 0.01406853
"205" 449 0.001588382 0.0367597
"206" 450 0 0
"207" 451 0.0002269117 0
"208" 452 0.01588382 0.01406853
"209" 453 0.0002269117 0.003403676
"210" 454 0.0006807352 0.004311323
"211" 455 0 0.06739278
"212" 456 0 0.007488087
"213" 457 0.0006807352 0
"214" 458 0 0.01225323
"215" 459 0 0.004311323
"216" 460 0.008849558 0.0009076469
"217" 461 0 0.001815294
"218" 462 0 0.06920808
"219" 463 0.06285455 0.02496029
"220" 464 0 0.003403676
"221" 465 0 0.01202632
"222" 466 0.003403676 0
"223" 467 0.0009076469 0.01066485
"224" 468 0 0.01996823
"225" 469 0.006126617 0.007941911
"226" 470 0 0.001815294
"227" 471 0 0.0009076469
"228" 472 0.00136147 0.0465169
"229" 473 0 0.0006807352
"230" 474 0.003403676 0.003403676
"231" 475 0.09053778 0.004311323
"232" 476 0.0174722 0.2915816
"233" 477 0.1565691 0.0560472
"234" 478 0 0
"235" 479 0 0
"236" 480 0 0
"237" 481 0 0.09552984
"238" 482 0.003176764 0.023145
"239" 483 0 0.2607216
"240" 484 0 0.007261175
"241" 485 0 0
"242" 486 0.002042206 0.01815294
"243" 487 0 0.003630588
"244" 488 0 0
"245" 489 0 0.004765146
"246" 490 0 0.2720672
"247" 491 0.001134559 0.00521897
"248" 492 0.005899705 0.01860676
"249" 493 0 0.04515543
"250" 494 0 0
"251" 495 0 0.04492852
"252" 496 0 0.003176764
"253" 497 0.007714999 0.07533469
"254" 498 0 0.02927161
"255" 499 0.06920808 0.03812117
"256" 500 0 0.01769912
"257" 501 0.001134559 0.004992058
"258" 502 0 0.02745632
"259" 503 0 0.2890855
"260" 504 0 0.008849558
"261" 505 0.003403676 0
"262" 506 0.0004538235 0.03380985
"263" 507 0 0.007261175
"264" 508 0 0
"265" 509 0 0.0004538235
"266" 510 0 0.007941911
"267" 511 0.003630588 0.01089176
"268" 512 0.1177672 0.0115725
"269" 513 0.00658044 0.009530293
"270" 514 0 0.02427956
"271" 515 0 0.04424779
"272" 516 0 0.002269117
"273" 517 0 0.00521897
"274" 518 0.0004538235 0.03585205
"275" 519 0.01043794 0.006126617
"276" 520 0 0
"277" 521 0 0.0002269117
"278" 522 0 0.004992058
"279" 523 0 0.01679147
"280" 524 0 0.06898117
"281" 525 0 0.004992058
"282" 526 0 0.00136147
"283" 527 0.0004538235 0.01406853
"284" 528 0.008168822 0.09303381
"285" 529 0 0.1390969
"286" 530 0 0.0006807352
"287" 531 0 0.009303381
"288" 532 0 0.07896528
"289" 533 0.03017926 0.03880191
"290" 534 0 0.007034264
"291" 535 0 0.005899705
"292" 536 0 0.0002269117
"293" 537 0 0
"294" 538 0.0251872 0.008395734
"295" 539 0 0.0006807352
"296" 540 0 0.004538235
"297" 541 0 0.01906059
"298" 542 0 0.005899705
"299" 543 0 0
"300" 544 0.0329022 0
"301" 545 0 0.0004538235
"302" 546 0 0.0006807352
"303" 547 0.149081 0.3004311
"304" 548 0 0.02019514
"305" 549 0.01543 0.00521897
"306" 550 0.0006807352 0.02427956
"307" 551 0 0.0270025
"308" 552 0 0.07079646
"309" 553 0 0.07397322
"310" 554 0 0.01043794
"311" 555 0 0
"312" 556 0 0.0004538235
"313" 557 0 0.008168822
"314" 558 0.006353528 0.004992058
"315" 559 0.0329022 0.06739278
"316" 560 0 0
"317" 561 0 0.008168822
"318" 562 0 0.0002269117
"319" 563 0.06398911 0.002949853
"320" 564 0 0.0329022
"321" 565 0 0
"322" 566 0 0.02768323
"323" 567 0.004765146 0
"324" 568 0.05264352 0.03857499
"325" 569 0 0.04265941
"326" 570 0.01724529 0.0290447
"327" 571 0.004084411 0.008849558
"328" 572 0.06466984 0.004765146
"329" 573 0.01293397 0.0004538235
"330" 574 0.04855911 0.03993646
"331" 575 0 0.01406853
"332" 576 0.08872249 0.002496029
"333" 577 0 0.02087588
"334" 578 0.04719764 0.03244838
"335" 579 0 0.008395734
"336" 580 0 0.002042206
"337" 581 0 0
"338" 582 0 0.003176764
"339" 583 0.001134559 0.02382573
"340" 584 0 0.03744044
"341" 585 0 0.0009076469
"342" 586 0 0.001815294
"343" 587 0 0
"344" 588 0 0.002269117
"345" 589 0.0006807352 0.007034264
"346" 590 0.003403676 0.009303381
"347" 591 0 0.003176764
"348" 592 0 0.002496029
"349" 593 0 0
"350" 594 0.06466984 0.04152485
"351" 595 0.1316088 0.005672793
"352" 596 0 0.02405264
"353" 597 0 0
"354" 598 0 0
"355" 599 0.003176764 0.008849558
"356" 600 0 0.004992058
"357" 601 0 0
"358" 602 0 0.002722941
"359" 603 0.07692308 0.06035852
"360" 604 0 0.009303381
"361" 605 0.08078058 0.03970955
"362" 606 0.003857499 0.3072385
"363" 607 0.04923985 0.002949853
"364" 608 0.0002269117 0.06444293
"365" 609 0 0.002496029
"366" 610 0 0.03585205
"367" 611 0 0.01633764
"368" 612 0.1613342 0.3326526
"369" 613 0.007941911 0.02677558
"370" 614 0.001815294 0
"371" 615 0 0
"372" 616 0 0.01497617
"373" 617 0.02722941 0.0521897
"374" 618 0 0.02223735
"375" 619 0 0.009303381
"376" 620 0 0.0136147
"377" 621 0.03902882 0.005672793
"378" 622 0.006353528 0.009984116
"379" 623 0.001134559 0.05128205
"380" 624 0 0.002496029
"381" 625 0 0.005445882
"382" 626 0.02291808 0
"383" 627 0 0
"384" 628 0 0.0002269117
"385" 629 0.0002269117 0.03993646
"386" 630 0 0.001134559
"387" 631 0.002722941 0.0444747
"388" 632 0 0.008849558
"389" 633 0 0.0483322
"390" 634 0.0009076469 0.002722941
"391" 635 0 0.01202632
"392" 636 0.009530293 0.0580894
"393" 637 0 0.008622646
"394" 638 0 0.02223735
"395" 639 0.003630588 0.01611073
"396" 640 0.0115725 0.01406853
"397" 641 0 0.02586794
"398" 642 0.01134559 0.007034264
"399" 643 0.001134559 0.006807352
"400" 644 0 0.0444747
"401" 645 0.006126617 0.02768323
"402" 646 0.4070796 0.2641253
"403" 647 0 0.003630588
"404" 648 0 0.03721352
"405" 649 0 0.08259587
"406" 650 0 0.120717
"407" 651 0.0002269117 0.1266167
"408" 652 0.0006807352 0.01270706
"409" 653 0 0
"410" 654 0 0.02291808
"411" 655 0 0.0009076469
"412" 656 0 0
"413" 657 0.01996823 0.02291808
"414" 658 0.1785795 0.0521897
"415" 659 0.01089176 0.09802587
"416" 660 0 0.01429544
"417" 661 0.06013161 0.02427956
"418" 662 0 0
"419" 663 0 0.0006807352
"420" 664 0.05854323 0.1046063
"421" 665 0 0.3169957
"422" 666 0 0
"423" 667 0 0
"424" 668 0.02110279 0.04152485
"425" 669 0 0.002042206
"426" 670 0.004765146 0.001134559
"427" 671 0 0
"428" 672 0.00658044 0.02042206
"429" 673 0.1971863 0.06126617
"430" 674 0 0
"431" 675 0 0
"432" 676 0 0
"433" 677 0 0
"434" 678 0 0.07987293
"435" 679 0.08032675 0
"436" 680 0 0
"437" 681 0 0
"438" 682 0 0.004765146
"439" 683 0 0.01202632
"440" 684 0 0.01701838
"441" 685 0.1304742 0.04220558
"442" 686 0.002496029 0.004992058
"443" 687 0.002269117 0.08055366
"444" 688 0 0.007261175
"445" 689 0.0002269117 0.02791014
"446" 690 0 0.004992058
"447" 691 0.0192875 0.0009076469
"448" 692 0.01134559 0.004084411
"449" 693 0.001588382 0.03902882
"450" 694 0 0.02677558
"451" 695 0.002496029 0.00658044
"452" 696 0.06603131 0.3324257
"453" 697 0.0174722 0.01270706
"454" 698 0 0.00658044
"455" 699 0 0.001588382
"456" 700 0 0.007034264
"457" 701 0 0.001134559
"458" 702 0 0
"459" 703 0 0.009984116
"460" 704 0 0
"461" 705 0.002496029 0.002496029
"462" 706 0 0.03857499
"463" 707 0 0.007261175
"464" 708 0 0.00136147
"465" 709 0.009303381 0.02427956
"466" 710 0.005672793 0.02927161
"467" 711 0.007714999 0.01384162
"468" 712 0 0.0004538235
"469" 713 0.05831631 0.01134559
"470" 714 0 0.1520309
"471" 715 0 0.01860676
"472" 716 0 0.008168822
"473" 717 0 0
"474" 718 0.004992058 0.0773769
"475" 719 0.0004538235 0
"476" 720 0 0
"477" 721 0 0.001588382
"478" 722 0 0.01134559
"479" 723 0.0006807352 0.0503744
"480" 724 0.04356705 0.05627411
"481" 725 0.1484003 0.03449058
"482" 726 0.01429544 0.01701838
"483" 727 0 0.01565691
"484" 728 0.002949853 0.1756297
"485" 729 0 0.006126617
"486" 730 0 0.001588382
"487" 731 0 0.01202632
"488" 732 0.07011572 0.06217381
"489" 733 0 0
"490" 734 0 0
"491" 735 0 0
"492" 736 0.01111867 0.02246426
"493" 737 0 0.04606308
"494" 738 0 0.01406853
"495" 739 0 0.2963467
"496" 740 0.04606308 0.08236896
"497" 741 0.01769912 0.009530293
"498" 742 0 0.01316088
"499" 743 0 0.008622646
"500" 744 0 0.0004538235
"501" 745 0 0.009530293
"502" 746 0.00136147 0.02995235
"503" 747 0.006126617 0.008622646
"504" 748 0 0.007261175
"505" 749 0 0.01679147
"506" 750 0.01611073 0
"507" 751 0 0.04560926
"508" 752 0 0
"509" 753 0.3614704 0.02677558
"510" 754 0 0.1136828
"511" 755 0 0.02223735
"512" 756 0 0.0002269117
"513" 757 0.02473338 0.05967779
"514" 758 0 0
"515" 759 0.006126617 0.01792603
"516" 760 0 0.0009076469
"517" 761 0 0.00136147
"518" 762 0.004992058 0.05309735
"519" 763 0 0.2732017
"520" 764 0 0.004311323
"521" 765 0 0.001134559
"522" 766 0 0.2319038
"523" 767 0 0.002269117
"524" 768 0.00136147 0.00521897
"525" 769 0 0.0006807352
"526" 770 0 0.007261175
"527" 771 0 0.03267529
"528" 772 0 0.005445882
"529" 773 0.0004538235 0.009076469
"530" 774 0 0
"531" 775 0.01134559 0.002722941
"532" 776 0 0.001588382
"533" 777 0 0
"534" 778 0 0
"535" 779 0 0.002269117
"536" 780 0.02881779 0.008849558
"537" 781 0.03766735 0.01134559
"538" 782 0 0.02201044
"539" 783 0 0.002496029
"540" 784 0 0.004538235
"541" 785 0 0.004538235
"542" 786 0 0.007261175
"543" 787 0 0.04538235
"544" 788 0.0002269117 0.0009076469
"545" 789 0 0.0002269117
"546" 790 0.2187429 0.03312911
"547" 791 0.01429544 0.02586794
"548" 792 0 0.007941911
"549" 793 0.006353528 0.02836397
"550" 794 0 0.0002269117
"551" 795 0 0.002042206
"552" 796 0 0.03721352
"553" 797 0 0
"554" 798 0 0.001588382
"555" 799 0 0.00521897
"556" 800 0.007941911 0.005445882
"557" 801 0 0.01611073
"558" 802 0 0.00658044
"559" 803 0 0.001134559
"560" 804 0.04878602 0.2999773
"561" 805 0.02995235 0.03199455
"562" 806 0.03267529 0.04538235
"563" 807 0.001134559 0.02564103
"564" 808 0 0.005672793
"565" 809 0 0.02632176
"566" 810 0 0.01043794
"567" 811 0 0.2128432
"568" 812 0 0.06671205
"569" 813 0 0.02541411
"570" 814 0 0.004538235
"571" 815 0 0.00136147
"572" 816 0 0.006807352
"573" 817 0 0.0002269117
"574" 818 0 0
"575" 819 0 0.03698661
"576" 820 0 0.02450647
"577" 821 0 0
"578" 822 0.0192875 0.03380985
"579" 823 0.04470161 0.07556161
"580" 824 0.04265941 0.04628999
"581" 825 0 0.2541411
"582" 826 0 0.0006807352
"583" 827 0.008849558 0.03358294
"584" 828 0 0.01588382
"585" 829 0.01701838 0.03902882
"586" 830 0 0.001134559
"587" 831 0 0.007034264
"588" 832 0 0.00136147
"589" 833 0.03880191 0.1195825
"590" 834 0 0.01270706
"591" 835 0 0.008395734
"592" 836 0 0.03449058
"593" 837 0 0
"594" 838 0 0.023145
"595" 839 0 0
"596" 840 0 0.002949853
"597" 841 0.001134559 0.2709326
"598" 842 0 0.002496029
"599" 843 0.0002269117 0.01452235
"600" 844 0 0.007714999
"601" 845 0 0
"602" 846 0 0.003857499
"603" 847 0 0.03471749
"604" 848 0.0006807352 0
"605" 849 0 0.0009076469
"606" 850 0 0.006807352
"607" 851 0 0.002269117
"608" 852 0 0.03630588
"609" 853 0 0.0002269117
"610" 854 0.01021103 0.03698661
"611" 855 0 0
"612" 856 0 0.0174722
"613" 857 0 0.01769912
"614" 858 0 0.02087588
"615" 859 0 0.00136147
"616" 860 0 0.003857499
"617" 861 0 0.2747901
"618" 862 0 0.005672793
"619" 863 0.001588382 0.1012026
"620" 864 0.01724529 0.01293397
"621" 865 0 0.003630588
"622" 866 0 0.008622646
"623" 867 0 0.01248015
"624" 868 0 0.0004538235
"625" 869 0 0
"626" 870 0 0.00521897
"627" 871 0 0.02496029
"628" 872 0 0.02019514
"629" 873 0.006353528 0.00136147
"630" 874 0 0.02087588
"631" 875 0 0.04992058
"632" 876 0.002269117 0.009076469
"633" 877 0.001815294 0
"634" 878 0 0.0004538235
"635" 879 0 0.007941911
"636" 880 0 0.01633764
"637" 881 0 0.02791014
"638" 882 0.03993646 0.01248015
"639" 883 0 0.003403676
"640" 884 0.1665532 0.02382573
"641" 885 0 0
"642" 886 0 0.01248015
"643" 887 0 0.002496029
"644" 888 0 0.009303381
"645" 889 0.0006807352 0.04084411
"646" 890 0 0.03154073
"647" 891 0 0.01792603
"648" 892 0 0
"649" 893 0 0.004084411
"650" 894 0.08100749 0.007034264
"651" 895 0 0.04334014
"652" 896 0.0002269117 0.2167007
"653" 897 0.0290447 0.01429544
"654" 898 0 0.0004538235
"655" 899 0.06943499 0.007034264
"656" 900 0.001588382 0
"657" 901 0 0.007488087
"658" 902 0 0
"659" 903 0.01179941 0.005672793
"660" 904 0 0.06171999
"661" 905 0.001815294 0.03539823
"662" 906 0 0.04719764
"663" 907 0.04265941 0.03948264
"664" 908 0 0
"665" 909 0 0.008395734
"666" 910 0.01043794 0
"667" 911 0 0.003176764
"668" 912 0.05377808 0.01293397
"669" 913 0 0.002722941
"670" 914 0.0009076469 0.002042206
"671" 915 0.03222147 0.3222147
"672" 916 0 0
"673" 917 0 0.005445882
"674" 918 0 0.01293397
"675" 919 0.0009076469 0.003630588
"676" 920 0 0.001815294
"677" 921 0 0.004084411
"678" 922 0.09257999 0.03744044
"679" 923 0.2471069 0.2899932
"680" 924 0 0.0009076469
"681" 925 0 0.001134559
"682" 926 0.01883367 0.07079646
"683" 927 0 0.02836397
"684" 928 0.09212616 0.01906059
"685" 929 0 0
"686" 930 0.007941911 0.003176764
"687" 931 0.005445882 0.004538235
"688" 932 0 0.008395734
"689" 933 0.0002269117 0.01248015
"690" 934 0 0.001815294
"691" 935 0 0
"692" 936 0 0.01134559
"693" 937 0 0.04356705
"694" 938 0 0
"695" 939 0 0.01656456
"696" 940 0 0.001134559
"697" 941 0 0.03948264
"698" 942 0 0.001815294
"699" 943 0.07851146 0.2144316
"700" 944 0.008395734 0.01202632
"701" 945 0 0.004538235
"702" 946 0 0.02382573
"703" 947 0 0.001815294
"704" 948 0 0.02609485
"705" 949 0.01611073 0.02246426
"706" 950 0.0192875 0.06512367
"707" 951 0 0.0009076469
"708" 952 0.0002269117 0.0115725
"709" 953 0 0.005445882
"710" 954 0.03086 0.0136147
"711" 955 0 0.02427956
"712" 956 0.003630588 0.0006807352
"713" 957 0 0.004538235
"714" 958 0.02291808 0.0002269117
"715" 959 0 0.05241661
"716" 960 0.008168822 0.01384162
"717" 961 0.01111867 0.0251872
"718" 962 0.02019514 0.03744044
"719" 963 0.0006807352 0.223735
"720" 964 0.0329022 0.07760381
"721" 965 0.2423417 0.01996823
"722" 966 0 0.01293397
"723" 967 0 0
"724" 968 0 0.2430225
"725" 969 0 0.01543
"726" 970 0 0
"727" 971 0.2992966 0.2482414
"728" 972 0.00136147 0.001815294
"729" 973 0.0002269117 0.04697073
"730" 974 0 0
"731" 975 0.02881779 0.002269117
"732" 976 0.007941911 0.03539823
"733" 977 0 0.03358294
"734" 978 0.0004538235 0.004992058
"735" 979 0 0
"736" 980 0.003403676 0.001815294
"737" 981 0 0
"738" 982 0.003403676 0.1005219
"739" 983 0 0.009303381
"740" 984 0.004538235 0.06671205
"741" 985 0 0.002042206
"742" 986 0.0009076469 0.008849558
"743" 987 0 0.001134559
"744" 988 0.01633764 0.06943499
"745" 989 0 0.01043794
"746" 990 0.0542319 0.0329022
"747" 991 0 0.02972544
"748" 992 0 0.3074654
"749" 993 0.003630588 0.01248015
"750" 994 0 0.005672793
"751" 995 0.02337191 0.002269117
"752" 996 0.008168822 0.01792603
"753" 997 0.002269117 0.01520309
"754" 998 0 0.006126617
"755" 999 0.001815294 0.0009076469
"756" 1000 0.00136147 0
"757" 1001 0.01089176 0.01406853
"758" 1002 0 0.0009076469
"759" 1003 0 0.002722941
"760" 1004 0 0.02836397
"761" 1005 0.3485364 0.3514863
"762" 1006 0 0.06262764
"763" 1007 0 0.004538235
"764" 1008 0 0.0004538235
"765" 1009 0 0.009303381
"766" 1010 0 0.006353528
"767" 1011 0 0.003176764
"768" 1012 0 0.007261175
"769" 1013 0.009303381 0.00658044
"770" 1014 0.02359882 0.001134559
"771" 1015 0 0
"772" 1016 0.00136147 0.009530293
"773" 1017 0.04969367 0.06149308
"774" 1018 0.07170411 0.270025
"775" 1019 0 0.01043794
"776" 1020 0 0
"777" 1021 0.01497617 0.02178353
"778" 1022 0.008849558 0.04628999
"779" 1023 0 0.1021103
"780" 1024 0 0
"781" 1025 0 0
"782" 1026 0 0.003857499
"783" 1027 0 0
"784" 1028 0 0
"785" 1029 0.09235307 0.05060132
"786" 1030 0 0.02269117
"787" 1031 0 0
"788" 1032 0 0.1134559
"789" 1033 0 0.002496029
"790" 1034 0.004311323 0.03585205
"791" 1035 0.001815294 0.2291808
"792" 1036 0 0.007034264
"793" 1037 0.007034264 0.003857499
"794" 1038 0 0.04697073
"795" 1039 0 0
"796" 1040 0.1692762 0.08463808
"797" 1041 0 0.006353528
"798" 1042 0.02949853 0.02337191
"799" 1043 0.03017926 0.0004538235
"800" 1044 0.02382573 0.01384162
"801" 1045 0.02064897 0.01293397
"802" 1046 0 0.004084411
"803" 1047 0.006807352 0.001588382
"804" 1048 0 0.01111867
"805" 1049 0.1145904 0.004311323
"806" 1050 0 0.01679147
"807" 1051 0 0.003176764
"808" 1052 0.01974132 0.05014749
"809" 1053 0.004992058 0.02859088
"810" 1054 0 0.002269117
"811" 1055 0.00136147 0.02972544
"812" 1056 0 0.0004538235
"813" 1057 0 0.001588382
"814" 1058 0 0.01474926
"815" 1059 0 0.003403676
"816" 1060 0.007941911 0.008622646
"817" 1061 0.0006807352 0.03607897
"818" 1062 0 0.03403676
"819" 1063 0 0.009303381
"820" 1064 0.02632176 0.03449058
"821" 1065 0 0.03040617
"822" 1066 0.01021103 0.02541411
"823" 1067 0 0.02881779
"824" 1068 0 0.006353528
"825" 1069 0.1252553 0.07215793
"826" 1070 0 0.00521897
"827" 1071 0 0.002949853
"828" 1072 0 0.0002269117
"829" 1073 0.0270025 0.3081461
"830" 1074 0.0009076469 0.002722941
"831" 1075 0 0
"832" 1076 0 0.009757204
"833" 1077 0 0.003857499
"834" 1078 0 0.001815294
"835" 1079 0 0.01134559
"836" 1080 0.0004538235 0.003857499
"837" 1081 0 0.01543
"838" 1082 0.0002269117 0.03925573
"839" 1083 0.01452235 0
"840" 1084 0.0290447 0.01883367
"841" 1085 0.002042206 0
"842" 1086 0.004084411 0.03108691
"843" 1087 0.0290447 0.1211709
"844" 1088 0 0.002042206
"845" 1089 0.5386885 0.3217608
"846" 1090 0 0.01406853
"847" 1091 0 0.002722941
"848" 1092 0.05105514 0.00521897
"849" 1093 0 0.006807352
"850" 1094 0 0.005672793
"851" 1095 0 0.002042206
"852" 1096 0.00136147 0.03108691
"853" 1097 0 0.01021103
"854" 1098 0.0002269117 0
"855" 1099 0.0136147 0.008622646
"856" 1100 0.003857499 0.03744044
"857" 1101 0 0
"858" 1102 0 0.003857499
"859" 1103 0 0
"860" 1104 0 0.1506694
"861" 1105 0 0.002042206
"862" 1106 0.001588382 0.2607216
"863" 1107 0 0.0009076469
"864" 1108 0.01134559 0.03471749
"865" 1109 0.02473338 0.2598139
"866" 1110 0.004992058 0.2963467
"867" 1111 0.02337191 0
"868" 1112 0 0.04946676
"869" 1113 0.003176764 0.01293397
"870" 1114 0 0.006807352
"871" 1115 0.01497617 0.001588382
"872" 1116 0 0
"873" 1117 0 0
"874" 1118 0.008395734 0.005672793
"875" 1119 0.3324257 0.05740867
"876" 1120 0.001588382 0.002042206
"877" 1121 0 0.02541411
"878" 1122 0.0192875 0.06852734
"879" 1123 0.0009076469 0
"880" 1124 0.001134559 0.04334014
"881" 1125 0 0.009530293
"882" 1126 0 0
"883" 1127 0.0002269117 0
"884" 1128 0.001134559 0
"885" 1129 0.0006807352 0.004538235
"886" 1130 0.002949853 0.008168822
"887" 1131 0 0.004765146
"888" 1132 0 0.005445882
"889" 1133 0 0.01225323
"890" 1134 0.0002269117 0.02405264
"891" 1135 0 0.03312911
"892" 1136 0 0.01248015
"893" 1137 0 0.01656456
"894" 1138 0.0002269117 0.0192875
"895" 1139 0 0.02019514
"896" 1140 0 0.03970955
"897" 1141 0 0.00136147
"898" 1142 0.02995235 0.2629907
"899" 1143 0.02654867 0.06671205
"900" 1144 0 0.03040617
"901" 1145 0.09734513 0
"902" 1146 0 0.01066485
"903" 1147 0 0.01270706
"904" 1148 0.05445882 0.3365101
"905" 1149 0.06830043 0.06557749
"906" 1150 0.01429544 0.0928069
"907" 1151 0 0.0004538235
"908" 1152 0.004084411 0.03017926
"909" 1153 0 0.0270025
"910" 1154 0 0
"911" 1155 0 0.008622646
"912" 1156 0 0.0006807352
"913" 1157 0 0.01021103
"914" 1158 0 0.009303381
"915" 1159 0 0.03403676
"916" 1160 0.0004538235 0.1073292
"917" 1161 0 0.01021103
"918" 1162 0 0.03267529
"919" 1163 0 0.0009076469
"920" 1164 0 0.007261175
"921" 1165 0 0.002496029
"922" 1166 0.07397322 0.03154073
"923" 1167 0 0.01656456
"924" 1168 0.002496029 0.01293397
"925" 1169 0.001134559 0.09507602
"926" 1170 0 0
"927" 1171 0.005899705 0.01202632
"928" 1172 0.02995235 0.0009076469
"929" 1173 0 0
"930" 1174 0 0.008395734
"931" 1175 0.00521897 0.007034264
"932" 1176 0.01225323 0.06875425
"933" 1177 0.002949853 0.2477876
"934" 1178 0.009984116 0.009303381
"935" 1179 0.002722941 0.02178353
"936" 1180 0.001815294 0.008622646
"937" 1181 0.007714999 0.003857499
"938" 1182 0.03812117 0.02019514
"939" 1183 0 0.006353528
"940" 1184 0 0.001134559
"941" 1185 0 0.002722941
"942" 1186 0 0
"943" 1187 0.0006807352 0.02541411
"944" 1188 0.0004538235 0.002269117
"945" 1189 0.002496029 0.009530293
"946" 1190 0 0.009984116
"947" 1191 0.01724529 0.04697073
"948" 1192 0.003176764 0.002269117
"949" 1193 0 0
"950" 1194 0 0.00136147
"951" 1195 0 0.03063308
"952" 1196 0 0.023145
"953" 1197 0.001134559 0.003176764
"954" 1198 0 0.01474926
"955" 1199 0 0.009303381
"956" 1200 0 0
"957" 1201 0 0.003630588
"958" 1202 0 0.001134559
"959" 1203 0 0.0002269117
"960" 1204 0.002722941 0.009530293
"961" 1205 0.0004538235 0.02405264
"962" 1206 0 0.01270706
"963" 1207 0 0.0006807352
"964" 1208 0 0
"965" 1209 0.02609485 0.03222147
"966" 1210 0 0.002496029
"967" 1211 0.0009076469 0.001815294
"968" 1212 0.0006807352 0.03948264
"969" 1213 0 0.01974132
"970" 1214 0 0
"971" 1215 0.04334014 0.04175176
"972" 1216 0 0.02768323
"973" 1217 0 0.004992058
"974" 1218 0 0.008622646
"975" 1219 0 0.01974132
"976" 1220 0 0.00658044
"977" 1221 0 0.0009076469
"978" 1222 0 0.3292489
"979" 1223 0 0.0251872
"980" 1224 0.008622646 0.01906059
"981" 1225 0 0
"982" 1226 0 0.001815294
"983" 1227 0 0.02859088
"984" 1228 0.1772181 0.282732
"985" 1229 0 0.0002269117
"986" 1230 0.0002269117 0
"987" 1231 0 0.0002269117
"988" 1232 0.02405264 0.09757204
"989" 1233 0.04515543 0.3321988
"990" 1234 0.0251872 0.007261175
"991" 1235 0 0.01316088
"992" 1236 0 0.003857499
"993" 1237 0 0.04628999
"994" 1238 0 0.00136147
"995" 1239 0 0
"996" 1240 0 0
"997" 1241 0 0.002496029
"998" 1242 0.01906059 0.3117767
"999" 1243 0 0.01974132
"1000" 1244 0 0.001134559
