1.75121929388423
1.49784342319616e-05
0.0397807106040457
0.0451348298154421
0.044299958824462
0.0140932644220954
0.00825538452632152
0.00247333309688725
2.32914079430798
0.298369886337141
1.51596411845222
2.99921742478856
0.00370242808909495
2.91690387802625
0.152839223982435
2.26637245384328
1.12385188259674
1.70722603056106
1.66242090099277
1.86854199212694
0.996485658574435
0.0379599959902404
0.201448376674128
2.90646997086356
2.96521955051131
0.10212714461104
0.0214450386440985
0.0273321364643215
1.48324659879709
1.80861821459505
0.0257645662637884
0.58027384400588
1.65145967786156
0.69996529469492
0.359297396474476
1.14746518534714
0.151377905934026
1.87294949755841
0.0689280523866301
1.51433304051496
1.76737191163875
2.98383793625826
0.0278546347827085
0.540918842463923
1.35574057108422
1.84427395075491
0.0288360719496058
0.912073003584531
0.243363862755815
0.625448090238993
2.40268084506474
1.33470474382228
0.595789828366767
0.00445408108580512
0.0149277429653127
1.08370829689978
0.978191781157875
1.97413481535958
1.94959591985421
1.12750342835992
1.21936711459653
1.73377961724332
2.631381934026
2.94979877228078
0.51633317916793
0.863789903169201
3.30894547402218
1.185368334762
0.0400709048373932
0.573161213466464
0.0063968325843317
0.80109944974614
2.27510818627615
0.888166114387105
0.0398123103396958
1.11698273861569
1.18040661886406
0.21799276702369
2.04874346923603
1.91866793358705
0.135610818152546
0.00041759693236607
0.969999339166163
0.178232710448345
0.425776581072555
0.0263492781999812
1.61648048040641
0.355667929327862
1.14207407174012
0.898800272895333
0.0141334391675309
0.0695135670701568
0.396064275695426
0.996363060125205
1.55627732474673
0.00722233168314326
1.76188982546392
0.136866918995019
1.85554140005273
0.773945637499511
