i test.power
401 0.2169279
402 0.2037618
403 0.1655172
404 0.2830721
405 0.1451411
406 0.3100313
407 0.1197492
408 0.09811912
409 0.2059561
410 0.4717868
411 0.4636364
412 0.1526646
413 0.2062696
414 0.1780564
415 0.2260188
416 0.2034483
417 0.131348
418 0.2532915
419 0.1974922
420 0.1890282
421 0.2304075
422 0.1805643
423 0.06990596
424 0.1388715
425 0.1601881
426 0.1467085
427 0.1191223
428 0.2322884
429 0.1871473
430 0.1705329
431 0.2125392
432 0.1065831
433 0.1946708
434 0.1090909
435 0.1354232
436 0.200627
437 0.1846395
438 0.1564263
439 0.2
440 0.1520376
441 0.1213166
442 0.3291536
443 0.4448276
444 0.1752351
445 0.1319749
446 0.4777429
447 0.1194357
448 0.2344828
449 0.1862069
450 0.05862069
451 0.1529781
452 0.1094044
453 0.1871473
454 0.1106583
455 0.1137931
456 0.1730408
457 0.1717868
458 0.1827586
459 0.08652038
460 0.1291536
461 0.153605
462 0.1498433
463 0.4761755
464 0.2326019
465 0.4858934
466 0.1119122
467 0.07492163
468 0.1934169
469 0.3617555
470 0.160815
471 0.2003135
472 0.07711599
473 0.2310345
474 0.4774295
475 0.3689655
476 0.0984326
477 0.1532915
478 0.2438871
479 0.1520376
480 0.1896552
481 0.2231975
482 0.2310345
483 0.09498433
484 0.1896552
485 0.06990596
486 0.484953
487 0.1670846
488 0.1272727
489 0.1373041
490 0.1824451
491 0.4642633
492 0.06896552
493 0.3658307
494 0.2366771
495 0.03981191
496 0.1366771
497 0.2338558
498 0.1517241
499 0.09655172
500 0.1893417
501 0.2517241
502 0.1896552
503 0.1749216
504 0.1285266
505 0.160815
506 0.1122257
507 0.3840125
508 0.1915361
509 0.3711599
510 0.123511
511 0.2128527
512 0.284953
513 0.4047022
514 0.2068966
515 0.1677116
516 0.1890282
517 0.2065831
518 0.08495298
519 0.2012539
520 0.1172414
521 0.1445141
522 0.184326
523 0.1880878
524 0.176489
525 0.1040752
526 0.2454545
527 0.1435737
528 0.4664577
529 0.1304075
530 0.3
531 0.1570533
532 0.2194357
533 0.1489028
534 0.3981191
535 0.2047022
536 0.1109718
537 0.1570533
538 0.2053292
539 0.1200627
540 0.1442006
541 0.168652
542 0.1673981
543 0.1758621
544 0.415047
545 0.1805643
546 0.07272727
547 0.0630094
548 0.2141066
549 0.4028213
550 0.2040752
551 0.04733542
552 0.2545455
553 0.1241379
554 0.09529781
555 0.1818182
556 0.2112853
557 0.2592476
558 0.2040752
559 0.1021944
560 0.5266458
561 0.2799373
562 0.4940439
563 0.06144201
564 0.2332288
565 0.4510972
566 0.2420063
567 0.2100313
568 0.1266458
569 0.2275862
570 0.07962382
571 0.2319749
572 0.08401254
573 0.1184953
574 0.2163009
575 0.1495298
576 0.1793103
577 0.2664577
578 0.06551724
579 0.06865204
580 0.1664577
581 0.1943574
582 0.2050157
583 0.1761755
584 0.2341693
585 0.4877743
586 0.2648903
587 0.2203762
588 0.130721
589 0.4394984
590 0.4257053
591 0.2053292
592 0.2288401
593 0.07931034
594 0.2297806
595 0.2297806
596 0.3931034
597 0.1501567
598 0.5467085
599 0.09811912
600 0.1677116

