i test.power
801 0.4934169
802 0.6166144
803 0.6163009
804 0.530094
805 0.5971787
806 0.5968652
807 0.6253918
808 0.5564263
809 0.6037618
810 0.5623824
811 0.5711599
812 0.5802508
813 0.568652
814 0.5811912
815 0.6238245
816 0.6429467
817 0.6131661
818 0.6040752
819 0.5996865
820 0.5946708
821 0.5557994
822 0.5727273
823 0.5642633
824 0.5987461
825 0.5708464
826 0.5761755
827 0.5846395
828 0.5962382
829 0.6263323
830 0.5940439
831 0.5645768
832 0.5821317
833 0.5633229
834 0.639185
835 0.545768
836 0.4880878
837 0.5605016
838 0.5689655
839 0.6103448
840 0.5586207
841 0.6257053
842 0.5407524
843 0.5554859
844 0.6200627
845 0.5341693
846 0.5655172
847 0.6094044
848 0.6050157
849 0.6081505
850 0.399373
851 0.5326019
852 0.5642633
853 0.6012539
854 0.5802508
855 0.5357367
856 0.5263323
857 0.5275862
858 0.5802508
859 0.5893417
860 0.5438871
861 0.5470219
862 0.5357367
863 0.584953
864 0.630721
865 0.5777429
866 0.5956113
867 0.538558
868 0.6106583
869 0.5670846
870 0.5896552
871 0.5557994
872 0.5473354
873 0.5514107
874 0.6172414
875 0.5366771
876 0.5774295
877 0.537931
878 0.5567398
879 0.5789969
880 0.5601881
881 0.6636364
882 0.5263323
883 0.5708464
884 0.5592476
885 0.5539185
886 0.6194357
887 0.5532915
888 0.6175549
889 0.5470219
890 0.6231975
891 0.5931034
892 0.6115987
893 0.5840125
894 0.5943574
895 0.5623824
896 0.5871473
897 0.568652
898 0.6141066
899 0.5946708
900 0.5905956
901 0.6153605
902 0.6134796
903 0.6272727
904 0.6059561
905 0.5918495
906 0.5789969
907 0.5554859
908 0.6115987
909 0.615047
910 0.5366771
911 0.5557994
912 0.5827586
913 0.6253918
914 0.5730408
915 0.5410658
916 0.5880878
917 0.5075235
918 0.5338558
919 0.6100313
920 0.5285266
921 0.630094
922 0.5934169
923 0.5285266
924 0.5470219
925 0.5043887
926 0.6106583
927 0.5514107
928 0.562069
929 0.523511
930 0.5661442
931 0.5489028
932 0.6153605
933 0.5667712
934 0.5968652
935 0.5623824
936 0.5956113
937 0.5987461
938 0.645768
939 0.6090909
940 0.5805643
941 0.5467085
942 0.623511
943 0.6225705
944 0.5689655
945 0.5673981
946 0.6147335
947 0.4611285
948 0.568652
949 0.5075235
950 0.5526646
951 0.5498433
952 0.577116
953 0.5746082
954 0.6122257
955 0.5733542
956 0.5752351
957 0.5278997
958 0.6404389
959 0.6169279
960 0.5962382
961 0.568652
962 0.5611285
963 0.5526646
964 0.5354232
965 0.5733542
966 0.5890282
967 0.6429467
968 0.5786834
969 0.5959248
970 0.5476489
971 0.5783699
972 0.5341693
973 0.6172414
974 0.6153605
975 0.5880878
976 0.5206897
977 0.615047
978 0.5774295
979 0.6075235
980 0.545768
981 0.5858934
982 0.6047022
983 0.5727273
984 0.5721003
985 0.5589342
986 0.6141066
987 0.577116
988 0.5733542
989 0.5652038
990 0.6100313
991 0.6322884
992 0.560815
993 0.6084639
994 0.5974922
995 0.6062696
996 0.6103448
997 0.5570533
998 0.592163
999 0.6003135
1000 0.6128527

