"i" "SiZer-0" "SiZer-2"
"1" 1 0 0.01298701
"2" 2 0 0
"3" 3 0 0
"4" 4 0 0
"5" 5 0 0.01731602
"6" 6 0.01298701 0
"7" 7 0 0.07359307
"8" 8 0 0
"9" 9 0 0.5844156
"10" 10 0 0
"11" 11 0 0.008658009
"12" 12 0 0
"13" 13 0 0.03896104
"14" 14 0 0
"15" 15 0 0
"16" 16 0 0.01298701
"17" 17 0 0
"18" 18 0.02164502 0
"19" 19 0.01731602 0
"20" 20 0.06493506 0
"21" 21 0 0
"22" 22 0.1125541 0.01298701
"23" 23 0 0.03030303
"24" 24 0 0
"25" 25 0 0.1082251
"26" 26 0 0
"27" 27 0.01731602 0.03463203
"28" 28 0 0
"29" 29 0 0
"30" 30 0 0.03030303
"31" 31 0 0
"32" 32 0 0.0995671
"33" 33 0 0.01298701
"34" 34 0 0
"35" 35 0 0
"36" 36 0 0
"37" 37 0 0
"38" 38 0 0.4675325
"39" 39 0 0.008658009
"40" 40 0 0.02164502
"41" 41 0 0.06493506
"42" 42 0 0.02597403
"43" 43 0 0
"44" 44 0 0.6017316
"45" 45 0 0
"46" 46 0 0
"47" 47 0 0
"48" 48 0 0
"49" 49 0 0.01298701
"50" 50 0 0.01298701
"51" 51 0 0
"52" 52 0 0
"53" 53 0 0
"54" 54 0 0
"55" 55 0 0
"56" 56 0 0.004329004
"57" 57 0.1255411 0
"58" 58 0 0
"59" 59 0 0
"60" 60 0.004329004 0.02597403
"61" 61 0 0.04329004
"62" 62 0 0
"63" 63 0 0
"64" 64 0 0
"65" 65 0 0
"66" 66 0 0.3160173
"67" 67 0 0
"68" 68 0 0
"69" 69 0 0
"70" 70 0 0
"71" 71 0 0
"72" 72 0 0
"73" 73 0 0.06493506
"74" 74 0 0
"75" 75 0 0.01731602
"76" 76 0 0.1125541
"77" 77 0.02597403 0.01298701
"78" 78 0 0
"79" 79 0 0
"80" 80 0 0
"81" 81 0 0.01731602
"82" 82 0 0
"83" 83 0 0
"84" 84 0 0
"85" 85 0.02164502 0
"86" 86 0 0
"87" 87 0 0
"88" 88 0 0
"89" 89 0 0
"90" 90 0.008658009 0.05627706
"91" 91 0 0
"92" 92 0 0.04761905
"93" 93 0.2294372 0
"94" 94 0 0.004329004
"95" 95 0 0
"96" 96 0 0
"97" 97 0 0
"98" 98 0 0
"99" 99 0 0
"100" 100 0 0
"101" 101 0 0
"102" 102 0 0.06060606
"103" 103 0.1601732 0
"104" 104 0 0
"105" 105 0 0
"106" 106 0 0
"107" 107 0 0
"108" 108 0 0
"109" 109 0 0
"110" 110 0 0.0995671
"111" 111 0 0
"112" 112 0 0
"113" 113 0 0
"114" 114 0 0
"115" 115 0 0
"116" 116 0 0.02597403
"117" 117 0.008658009 0.01298701
"118" 118 0 0
"119" 119 0 0
"120" 120 0 0.03030303
"121" 121 0 0
"122" 122 0.03030303 0.008658009
"123" 123 0 0
"124" 124 0 0.3809524
"125" 125 0 0.2943723
"126" 126 0 0
"127" 127 0 0
"128" 128 0 0.1385281
"129" 129 0.07792208 0
"130" 130 0 0
"131" 131 0 0
"132" 132 0.01298701 0.1212121
"133" 133 0.2467532 0.05194805
"134" 134 0 0
"135" 135 0 0
"136" 136 0 0
"137" 137 0 0.02597403
"138" 138 0 0
"139" 139 0 0
"140" 140 0 0.01731602
"141" 141 0 0
"142" 142 0 0.04761905
"143" 143 0 0
"144" 144 0.004329004 0
"145" 145 0 0.004329004
"146" 146 0.01298701 0.1688312
"147" 147 0 0.004329004
"148" 148 0 0
"149" 149 0 0.02164502
"150" 150 0 0
"151" 151 0 0
"152" 152 0 0.01298701
"153" 153 0 0.03030303
"154" 154 0 0
"155" 155 0 0
"156" 156 0 0
"157" 157 0 0
"158" 158 0 0
"159" 159 0.02164502 0.04329004
"160" 160 0.01731602 0
"161" 161 0 0
"162" 162 0 0.008658009
"163" 163 0 0
"164" 164 0.01298701 0
"165" 165 0 0
"166" 166 0 0.06926407
"167" 167 0 0
"168" 168 0 0
"169" 169 0 0
"170" 170 0 0.06926407
"171" 171 0.1601732 0.5670996
"172" 172 0 0.08658009
"173" 173 0 0
"174" 174 0 0.03030303
"175" 175 0 0
"176" 176 0 0.07792208
"177" 177 0 0.01298701
"178" 178 0 0
"179" 179 0 0
"180" 180 0.008658009 0.3463203
"181" 181 0 0
"182" 182 0 0
"183" 183 0 0
"184" 184 0 0
"185" 185 0.02164502 0.06493506
"186" 186 0.1125541 0.01298701
"187" 187 0 0.08225108
"188" 188 0.3030303 0
"189" 189 0 0
"190" 190 0 0.02597403
"191" 191 0 0
"192" 192 0 0
"193" 193 0 0.1212121
"194" 194 0 0
"195" 195 0 0
"196" 196 0.08658009 0.5800866
"197" 197 0.1861472 0.05627706
"198" 198 0 0
"199" 199 0 0.06060606
"200" 200 0 0.2207792
"201" 201 0 0
"202" 202 0.1038961 0.1082251
"203" 203 0 0
"204" 204 0 0
"205" 205 0 0
"206" 206 0.004329004 0
"207" 207 0 0.02597403
"208" 208 0 0
"209" 209 0 0
"210" 210 0 0
"211" 211 0 0
"212" 212 0 0
"213" 213 0 0.1515152
"214" 214 0 0
"215" 215 0 0
"216" 216 0 0
"217" 217 0 0
"218" 218 0 0
"219" 219 0 0
"220" 220 0.05627706 0
"221" 221 0 0.004329004
"222" 222 0.1558442 0.01298701
"223" 223 0 0
"224" 224 0 0.008658009
"225" 225 0 0
"226" 226 0 0
"227" 227 0 0.008658009
"228" 228 0 0
"229" 229 0 0
"230" 230 0 0
"231" 231 0 0.1688312
"232" 232 0 0
"233" 233 0 0
"234" 234 0 0
"235" 235 0.1385281 0
"236" 236 0 0.02164502
"237" 237 0.008658009 0
"238" 238 0 0
"239" 239 0 0
"240" 240 0.004329004 0.03463203
"241" 241 0 0
"242" 242 0 0
"243" 243 0 0
"244" 244 0 0
"245" 245 0 0
"246" 246 0 0.02597403
"247" 247 0 0
"248" 248 0 0
"249" 249 0 0
"250" 250 0 0
"251" 251 0 0
"252" 252 0 0
"253" 253 0 0
"254" 254 0.01298701 0.03463203
"255" 255 0 0
"256" 256 0.004329004 0
"257" 257 0 0.01298701
"258" 258 0.01731602 0.004329004
"259" 259 0 0.2900433
"260" 260 0 0
"261" 261 0 0
"262" 262 0 0
"263" 263 0 0.06493506
"264" 264 0 0
"265" 265 0 0
"266" 266 0.05627706 0.2121212
"267" 267 0 0
"268" 268 0 0.01298701
"269" 269 0 0
"270" 270 0 0.01731602
"271" 271 0 0
"272" 272 0 0
"273" 273 0 0.004329004
"274" 274 0.008658009 0
"275" 275 0 0
"276" 276 0 0
"277" 277 0 0.4069264
"278" 278 0 0
"279" 279 0 0
"280" 280 0.01298701 0.04329004
"281" 281 0 0
"282" 282 0 0.5367965
"283" 283 0 0
"284" 284 0 0.1298701
"285" 285 0 0.4978355
"286" 286 0 0
"287" 287 0 0.01298701
"288" 288 0 0.05194805
"289" 289 0 0
"290" 290 0.2077922 0.06493506
"291" 291 0 0
"292" 292 0.004329004 0
"293" 293 0 0
"294" 294 0.01298701 0.02597403
"295" 295 0.2424242 0.5281385
"296" 296 0 0
"297" 297 0 0
"298" 298 0 0
"299" 299 0 0
"300" 300 0 0.01298701
"301" 301 0 0
"302" 302 0 0.008658009
"303" 303 0 0
"304" 304 0 0.008658009
"305" 305 0 0
"306" 306 0 0
"307" 307 0 0
"308" 308 0 0
"309" 309 0.01731602 0
"310" 310 0 0.03463203
"311" 311 0 0.004329004
"312" 312 0 0
"313" 313 0 0
"314" 314 0 0
"315" 315 0 0
"316" 316 0 0
"317" 317 0 0.1991342
"318" 318 0.07359307 0.01298701
"319" 319 0 0
"320" 320 0 0
"321" 321 0 0.02597403
"322" 322 0.01731602 0
"323" 323 0 0.04761905
"324" 324 0 0
"325" 325 0 0
"326" 326 0 0
"327" 327 0 0
"328" 328 0 0
"329" 329 0 0
"330" 330 0 0
"331" 331 0 0
"332" 332 0 0.02597403
"333" 333 0 0.2337662
"334" 334 0 0
"335" 335 0 0.6233766
"336" 336 0 0.004329004
"337" 337 0 0
"338" 338 0 0
"339" 339 0 0
"340" 340 0.05194805 0
"341" 341 0 0
"342" 342 0.004329004 0.02597403
"343" 343 0 0
"344" 344 0 0
"345" 345 0 0
"346" 346 0 0
"347" 347 0 0
"348" 348 0 0
"349" 349 0 0
"350" 350 0 0.09090909
"351" 351 0 0.01298701
"352" 352 0 0.01298701
"353" 353 0 0.04329004
"354" 354 0 0
"355" 355 0 0
"356" 356 0 0
"357" 357 0.008658009 0.03030303
"358" 358 0 0.03030303
"359" 359 0.04329004 0.1125541
"360" 360 0 0
"361" 361 0 0
"362" 362 0 0.008658009
"363" 363 0 0
"364" 364 0 0
"365" 365 0 0
"366" 366 0 0
"367" 367 0 0.03896104
"368" 368 0.1125541 0.03030303
"369" 369 0 0
"370" 370 0 0.0995671
"371" 371 0 0
"372" 372 0 0.02164502
"373" 373 0 0
"374" 374 0 0.004329004
"375" 375 0 0
"376" 376 0 0.1515152
"377" 377 0.02597403 0.03463203
"378" 378 0 0
"379" 379 0 0
"380" 380 0.0995671 0.1298701
"381" 381 0 0
"382" 382 0 0
"383" 383 0.06060606 0.03030303
"384" 384 0 0
"385" 385 0 0.02597403
"386" 386 0 0.004329004
"387" 387 0 0.02597403
"388" 388 0 0
"389" 389 0 0.004329004
"390" 390 0 0
"391" 391 0 0
"392" 392 0 0
"393" 393 0 0
"394" 394 0 0
"395" 395 0 0
"396" 396 0 0
"397" 397 0 0.2467532
"398" 398 0 0
"399" 399 0 0
"400" 400 0 0.01298701
"401" 401 0 0
"402" 402 0 0
"403" 403 0 0
"404" 404 0 0
"405" 405 0 0
"406" 406 0 0
"407" 407 0 0
"408" 408 0.02597403 0.01731602
"409" 409 0 0.008658009
"410" 410 0 0
"411" 411 0 0.02164502
"412" 412 0 0.05194805
"413" 413 0 0.01298701
"414" 414 0 0.03463203
"415" 415 0 0
"416" 416 0 0
"417" 417 0 0
"418" 418 0 0
"419" 419 0 0.06493506
"420" 420 0 0
"421" 421 0 0
"422" 422 0 0
"423" 423 0 0
"424" 424 0 0
"425" 425 0 0
"426" 426 0 0
"427" 427 0 0.05194805
"428" 428 0 0
"429" 429 0 0
"430" 430 0 0
"431" 431 0 0
"432" 432 0 0
"433" 433 0 0
"434" 434 0 0
"435" 435 0 0
"436" 436 0 0
"437" 437 0.01731602 0
"438" 438 0 0.02164502
"439" 439 0 0
"440" 440 0 0
"441" 441 0 0.02597403
"442" 442 0 0
"443" 443 0 0
"444" 444 0 0.2467532
"445" 445 0 0
"446" 446 0 0.01298701
"447" 447 0 0
"448" 448 0 0.1168831
"449" 449 0 0
"450" 450 0 0
"451" 451 0 0.004329004
"452" 452 0 0
"453" 453 0.05194805 0
"454" 454 0 0
"455" 455 0 0.1038961
"456" 456 0 0
"457" 457 0 0
"458" 458 0 0
"459" 459 0 0
"460" 460 0.004329004 0
"461" 461 0 0.02597403
"462" 462 0 0
"463" 463 0.004329004 0
"464" 464 0 0
"465" 465 0 0
"466" 466 0 0
"467" 467 0 0
"468" 468 0 0
"469" 469 0 0
"470" 470 0 0
"471" 471 0 0
"472" 472 0 0
"473" 473 0 0.4155844
"474" 474 0 0.5541126
"475" 475 0.01298701 0.1471861
"476" 476 0 0
"477" 477 0 0.01298701
"478" 478 0.02597403 0.03896104
"479" 479 0 0
"480" 480 0 0
"481" 481 0 0
"482" 482 0 0
"483" 483 0.06493506 0.03896104
"484" 484 0 0
"485" 485 0 0
"486" 486 0 0
"487" 487 0.004329004 0
"488" 488 0 0
"489" 489 0 0.08225108
"490" 490 0 0
"491" 491 0 0
"492" 492 0 0
"493" 493 0 0
"494" 494 0 0
"495" 495 0 0
"496" 496 0.04329004 0.09090909
"497" 497 0 0
"498" 498 0.1515152 0.08225108
"499" 499 0 0
"500" 500 0.01731602 0.03463203
"501" 501 0 0
"502" 502 0 0
"503" 503 0 0.06493506
"504" 504 0 0
"505" 505 0 0
"506" 506 0.3549784 0.1645022
"507" 507 0 0
"508" 508 0 0
"509" 509 0 0.07792208
"510" 510 0 0.004329004
"511" 511 0 0
"512" 512 0.1298701 0.01731602
"513" 513 0 0.05194805
"514" 514 0 0.01731602
"515" 515 0 0
"516" 516 0 0
"517" 517 0 0.004329004
"518" 518 0 0
"519" 519 0 0
"520" 520 0 0.04329004
"521" 521 0 0
"522" 522 0 0.09090909
"523" 523 0 0
"524" 524 0 0
"525" 525 0 0
"526" 526 0 0
"527" 527 0 0
"528" 528 0 0.03030303
"529" 529 0 0
"530" 530 0 0
"531" 531 0 0.004329004
"532" 532 0 0
"533" 533 0 0.02597403
"534" 534 0 0.6017316
"535" 535 0 0
"536" 536 0 0
"537" 537 0 0.5930736
"538" 538 0.04761905 0
"539" 539 0 0.1038961
"540" 540 0 0
"541" 541 0 0
"542" 542 0 0
"543" 543 0 0
"544" 544 0 0
"545" 545 0 0.1645022
"546" 546 0 0
"547" 547 0 0
"548" 548 0 0.07359307
"549" 549 0 0
"550" 550 0 0.05194805
"551" 551 0 0
"552" 552 0.1082251 0
"553" 553 0.004329004 0.0995671
"554" 554 0 0.2467532
"555" 555 0 0
"556" 556 0 0
"557" 557 0 0
"558" 558 0.008658009 0.004329004
"559" 559 0 0
"560" 560 0 0
"561" 561 0 0.004329004
"562" 562 0.1991342 0
"563" 563 0.008658009 0.03896104
"564" 564 0 0
"565" 565 0 0
"566" 566 0.01298701 0
"567" 567 0 0
"568" 568 0 0
"569" 569 0 0
"570" 570 0 0
"571" 571 0 0
"572" 572 0 0
"573" 573 0 0
"574" 574 0 0
"575" 575 0 0
"576" 576 0 0
"577" 577 0 0
"578" 578 0 0
"579" 579 0 0
"580" 580 0 0.1125541
"581" 581 0 0
"582" 582 0.1255411 0
"583" 583 0 0.1904762
"584" 584 0 0
"585" 585 0 0
"586" 586 0 0
"587" 587 0 0.02597403
"588" 588 0 0
"589" 589 0 0
"590" 590 0.008658009 0
"591" 591 0 0
"592" 592 0 0.008658009
"593" 593 0 0
"594" 594 0 0
"595" 595 0 0
"596" 596 0 0.6406926
"597" 597 0 0
"598" 598 0.06493506 0.02597403
"599" 599 0 0
"600" 600 0.01731602 0
"601" 601 0 0
"602" 602 0.1731602 0.07792208
"603" 603 0 0
"604" 604 0 0
"605" 605 0 0
"606" 606 0 0.03463203
"607" 607 0.06926407 0
"608" 608 0 0
"609" 609 0 0
"610" 610 0.1168831 0.4978355
"611" 611 0 0
"612" 612 0 0.07792208
"613" 613 0 0
"614" 614 0.004329004 0
"615" 615 0 0
"616" 616 0 0
"617" 617 0.02597403 0.04761905
"618" 618 0 0
"619" 619 0 0
"620" 620 0 0
"621" 621 0 0
"622" 622 0 0
"623" 623 0.01731602 0.03030303
"624" 624 0 0
"625" 625 0 0
"626" 626 0 0.1601732
"627" 627 0 0
"628" 628 0 0
"629" 629 0 0
"630" 630 0 0
"631" 631 0 0.03896104
"632" 632 0 0
"633" 633 0 0
"634" 634 0.4112554 0.4112554
"635" 635 0 0
"636" 636 0 0
"637" 637 0 0
"638" 638 0 0
"639" 639 0 0.1341991
"640" 640 0 0
"641" 641 0 0
"642" 642 0 0
"643" 643 0 0
"644" 644 0 0.03463203
"645" 645 0 0.02164502
"646" 646 0 0
"647" 647 0 0
"648" 648 0.1038961 0
"649" 649 0 0.02164502
"650" 650 0 0.03463203
"651" 651 0 0
"652" 652 0 0
"653" 653 0 0.02164502
"654" 654 0 0.04761905
"655" 655 0 0
"656" 656 0 0.5887446
"657" 657 0 0.1255411
"658" 658 0.0995671 0.09090909
"659" 659 0 0.2510823
"660" 660 0 0
"661" 661 0.01298701 0.08658009
"662" 662 0.1168831 0.09090909
"663" 663 0 0
"664" 664 0 0
"665" 665 0 0.01731602
"666" 666 0.01298701 0.1082251
"667" 667 0 0
"668" 668 0 0
"669" 669 0 0.0952381
"670" 670 0 0
"671" 671 0 0
"672" 672 0 0
"673" 673 0 0
"674" 674 0 0
"675" 675 0 0.5454545
"676" 676 0 0.03463203
"677" 677 0 0
"678" 678 0 0.0995671
"679" 679 0 0.03896104
"680" 680 0 0.004329004
"681" 681 0 0.04761905
"682" 682 0 0
"683" 683 0 0
"684" 684 0 0
"685" 685 0.01731602 0.01298701
"686" 686 0.02164502 0
"687" 687 0 0.05627706
"688" 688 0 0.03896104
"689" 689 0 0
"690" 690 0 0
"691" 691 0 0
"692" 692 0 0.6580087
"693" 693 0 0
"694" 694 0 0
"695" 695 0 0
"696" 696 0.3073593 0.09090909
"697" 697 0 0
"698" 698 0 0.004329004
"699" 699 0.01731602 0
"700" 700 0 0
"701" 701 0 0
"702" 702 0 0
"703" 703 0 0.004329004
"704" 704 0 0
"705" 705 0 0
"706" 706 0 0
"707" 707 0 0.06926407
"708" 708 0.02164502 0.004329004
"709" 709 0 0
"710" 710 0 0
"711" 711 0.01298701 0
"712" 712 0 0.5064935
"713" 713 0 0
"714" 714 0.3333333 0.6017316
"715" 715 0 0
"716" 716 0 0
"717" 717 0 0
"718" 718 0 0.02164502
"719" 719 0 0
"720" 720 0 0.05194805
"721" 721 0.01298701 0
"722" 722 0 0.03030303
"723" 723 0 0.1125541
"724" 724 0 0
"725" 725 0.2640693 0.4632035
"726" 726 0 0
"727" 727 0 0
"728" 728 0.01731602 0.01298701
"729" 729 0 0
"730" 730 0 0.03896104
"731" 731 0 0.02597403
"732" 732 0 0
"733" 733 0 0.004329004
"734" 734 0 0
"735" 735 0 0.01731602
"736" 736 0 0
"737" 737 0 0
"738" 738 0 0
"739" 739 0 0
"740" 740 0 0
"741" 741 0 0
"742" 742 0 0
"743" 743 0 0
"744" 744 0 0.06493506
"745" 745 0 0.008658009
"746" 746 0 0.1861472
"747" 747 0 0.06926407
"748" 748 0 0
"749" 749 0 0.07792208
"750" 750 0 0
"751" 751 0 0
"752" 752 0.0952381 0.02597403
"753" 753 0.0995671 0
"754" 754 0 0.1298701
"755" 755 0 0
"756" 756 0 0.03030303
"757" 757 0 0.01298701
"758" 758 0 0
"759" 759 0 0
"760" 760 0 0
"761" 761 0.1991342 0.06926407
"762" 762 0.004329004 0
"763" 763 0 0
"764" 764 0.01298701 0.1125541
"765" 765 0 0
"766" 766 0 0.05194805
"767" 767 0 0
"768" 768 0 0.02164502
"769" 769 0 0
"770" 770 0 0
"771" 771 0 0.06060606
"772" 772 0 0
"773" 773 0 0
"774" 774 0 0
"775" 775 0.01731602 0.1298701
"776" 776 0 0
"777" 777 0 0.01731602
"778" 778 0 0
"779" 779 0 0
"780" 780 0 0
"781" 781 0 0.4632035
"782" 782 0.04329004 0
"783" 783 0 0
"784" 784 0 0.004329004
"785" 785 0 0
"786" 786 0.07359307 0.02164502
"787" 787 0 0.004329004
"788" 788 0 0
"789" 789 0.1688312 0.1082251
"790" 790 0 0
"791" 791 0 0
"792" 792 0 0
"793" 793 0 0.01298701
"794" 794 0 0
"795" 795 0 0
"796" 796 0 0.008658009
"797" 797 0 0
"798" 798 0 0
"799" 799 0 0.2251082
"800" 800 0 0.07359307
"801" 801 0 0
"802" 802 0.004329004 0.09090909
"803" 803 0 0
"804" 804 0 0
"805" 805 0 0.03896104
"806" 806 0.01298701 0
"807" 807 0 0.004329004
"808" 808 0 0
"809" 809 0 0.01298701
"810" 810 0 0
"811" 811 0 0
"812" 812 0 0
"813" 813 0 0
"814" 814 0 0
"815" 815 0 0
"816" 816 0 0
"817" 817 0 0
"818" 818 0 0
"819" 819 0 0.004329004
"820" 820 0 0
"821" 821 0 0
"822" 822 0.008658009 0.004329004
"823" 823 0 0
"824" 824 0 0
"825" 825 0.05194805 0.1038961
"826" 826 0 0
"827" 827 0 0
"828" 828 0 0.5367965
"829" 829 0 0
"830" 830 0 0.1558442
"831" 831 0 0
"832" 832 0 0
"833" 833 0.01731602 0
"834" 834 0 0
"835" 835 0 0
"836" 836 0 0
"837" 837 0 0
"838" 838 0 0
"839" 839 0 0
"840" 840 0 0.08658009
"841" 841 0 0.2943723
"842" 842 0 0
"843" 843 0 0.07792208
"844" 844 0 0
"845" 845 0 0
"846" 846 0 0
"847" 847 0 0
"848" 848 0 0
"849" 849 0 0
"850" 850 0 0
"851" 851 0 0.004329004
"852" 852 0.1341991 0.004329004
"853" 853 0 0.1298701
"854" 854 0 0.1385281
"855" 855 0 0
"856" 856 0 0
"857" 857 0 0
"858" 858 0 0.04761905
"859" 859 0 0
"860" 860 0 0
"861" 861 0 0
"862" 862 0 0
"863" 863 0 0
"864" 864 0 0
"865" 865 0 0
"866" 866 0.1082251 0.4588745
"867" 867 0 0
"868" 868 0 0
"869" 869 0 0
"870" 870 0 0
"871" 871 0.1168831 0.3766234
"872" 872 0.2337662 0.3982684
"873" 873 0 0
"874" 874 0 0
"875" 875 0 0
"876" 876 0 0
"877" 877 0 0
"878" 878 0 0
"879" 879 0 0
"880" 880 0 0
"881" 881 0 0
"882" 882 0.06926407 0
"883" 883 0 0
"884" 884 0.03030303 0.01731602
"885" 885 0 0
"886" 886 0 0.004329004
"887" 887 0 0
"888" 888 0 0
"889" 889 0 0
"890" 890 0 0.03463203
"891" 891 0 0
"892" 892 0.008658009 0.01731602
"893" 893 0 0
"894" 894 0 0.1428571
"895" 895 0 0.03030303
"896" 896 0 0
"897" 897 0.2164502 0.6753247
"898" 898 0 0.004329004
"899" 899 0.1125541 0
"900" 900 0 0
"901" 901 0 0
"902" 902 0.05194805 0.08658009
"903" 903 0 0
"904" 904 0 0.03896104
"905" 905 0 0
"906" 906 0 0
"907" 907 0 0.4458874
"908" 908 0 0
"909" 909 0 0
"910" 910 0 0.07792208
"911" 911 0 0
"912" 912 0 0.01298701
"913" 913 0 0.03896104
"914" 914 0 0
"915" 915 0.1731602 0.1298701
"916" 916 0 0.004329004
"917" 917 0 0
"918" 918 0 0
"919" 919 0 0
"920" 920 0 0
"921" 921 0 0
"922" 922 0 0
"923" 923 0 0
"924" 924 0 0
"925" 925 0 0.01731602
"926" 926 0 0
"927" 927 0.01298701 0
"928" 928 0 0.004329004
"929" 929 0 0
"930" 930 0.1341991 0.03030303
"931" 931 0 0
"932" 932 0.01731602 0
"933" 933 0 0.1341991
"934" 934 0 0
"935" 935 0 0
"936" 936 0.2121212 0.1774892
"937" 937 0 0
"938" 938 0 0
"939" 939 0 0
"940" 940 0 0
"941" 941 0 0.06060606
"942" 942 0 0
"943" 943 0 0
"944" 944 0 0.1212121
"945" 945 0 0
"946" 946 0 0.004329004
"947" 947 0.1168831 0.01298701
"948" 948 0 0
"949" 949 0.1428571 0.06060606
"950" 950 0 0
"951" 951 0 0
"952" 952 0 0
"953" 953 0.01731602 0
"954" 954 0 0
"955" 955 0 0.06060606
"956" 956 0 0
"957" 957 0 0.004329004
"958" 958 0 0.01298701
"959" 959 0 0.03030303
"960" 960 0 0.06493506
"961" 961 0 0.05194805
"962" 962 0.1688312 0
"963" 963 0 0
"964" 964 0 0.06493506
"965" 965 0 0
"966" 966 0 0
"967" 967 0.2294372 0
"968" 968 0 0
"969" 969 0 0
"970" 970 0 0.01731602
"971" 971 0 0.5930736
"972" 972 0 0.06060606
"973" 973 0 0.008658009
"974" 974 0 0
"975" 975 0 0
"976" 976 0 0
"977" 977 0.4978355 0.6969697
"978" 978 0 0
"979" 979 0 0
"980" 980 0 0
"981" 981 0 0
"982" 982 0 0
"983" 983 0 0.008658009
"984" 984 0 0
"985" 985 0 0
"986" 986 0 0
"987" 987 0 0.06060606
"988" 988 0 0
"989" 989 0 0
"990" 990 0 0
"991" 991 0 0
"992" 992 0 0.07359307
"993" 993 0 0.6060606
"994" 994 0 0
"995" 995 0 0
"996" 996 0 0
"997" 997 0 0
"998" 998 0 0
"999" 999 0 0
"1000" 1000 0 0
