i test.power
201 0.5815008
202 0.5633643
203 0.582861
204 0.5411471
205 0.553616
206 0.555883
207 0.5368397
208 0.5583768
209 0.5760599
210 0.5425074
211 0.5565631
212 0.5703922
213 0.5581501
214 0.5470415
215 0.5624575
216 0.545908
217 0.5665382
218 0.55747
219 0.5817275
220 0.5552029
221 0.5769667
222 0.5495353
223 0.5626842
224 0.5638177
225 0.5429608
226 0.5742462
227 0.5347994
228 0.563591
229 0.5710723
230 0.5495353
231 0.5740195
232 0.525051
233 0.5746996
234 0.5586035
235 0.567445
236 0.5815008
237 0.5395602
238 0.5703922
239 0.5499887
240 0.5474949
241 0.5781002
242 0.555883
243 0.565178
244 0.5746996
245 0.580594
246 0.5372931
247 0.5538427
248 0.5456813
249 0.5699388
250 0.5617774
251 0.555883
252 0.540467
253 0.5382
254 0.5656314
255 0.5631376
256 0.526638
257 0.5592836
258 0.5508955
259 0.5504421
260 0.5799139
261 0.5418273
262 0.5561097
263 0.5660848
264 0.5361596
265 0.5610973
266 0.534346
267 0.559737
268 0.5676717
269 0.5737928
270 0.5388801
271 0.5740195
272 0.5470415
273 0.5758331
274 0.5552029
275 0.5527091
276 0.5649513
277 0.5672183
278 0.5565631
279 0.5606438
280 0.555883
281 0.5576967
282 0.5724326
283 0.5656314
284 0.5436409
285 0.5450011
286 0.5529358
287 0.5667649
288 0.548175
289 0.540467
290 0.5731127
291 0.5524824
292 0.5413738
293 0.5672183
294 0.5472682
295 0.5527091
296 0.5302652
297 0.5622308
298 0.534346
299 0.5533893
300 0.5470415
301 0.5393335
302 0.5610973
303 0.5608706
304 0.5236908
305 0.5372931
306 0.5377465
307 0.5277715
308 0.5590569
309 0.5465881
310 0.5733394
311 0.5470415
312 0.5502154
313 0.5744729
314 0.5508955
315 0.5624575
316 0.5357062
317 0.5699388
318 0.5486284
319 0.5533893
320 0.540467
321 0.5676717
322 0.5463614
323 0.5699388
324 0.5388801
325 0.5647246
326 0.5765133
327 0.5717524
328 0.5397869
329 0.5608706
330 0.5626842
331 0.5422807
332 0.552029
333 0.5731127
334 0.5819542
335 0.5472682
336 0.5749263
337 0.5699388
338 0.5794604
339 0.5445477
340 0.553616
341 0.5756064
342 0.565178
343 0.5531625
344 0.5438676
345 0.5903423
346 0.5715257
347 0.5524824
348 0.565178
349 0.5583768
350 0.5370664
351 0.5708456
352 0.563591
353 0.569032
354 0.5660848
355 0.5372931
356 0.5470415
357 0.5622308
358 0.5554296
359 0.5438676
360 0.5472682
361 0.5583768
362 0.5803673
363 0.5749263
364 0.5717524
365 0.5588302
366 0.5583768
367 0.5513489
368 0.5601904
369 0.5440943
370 0.5699388
371 0.575153
372 0.5547495
373 0.5402403
374 0.5504421
375 0.5688053
376 0.5692587
377 0.5778735
378 0.5567898
379 0.5552029
380 0.5490818
381 0.5545228
382 0.5785536
383 0.5440943
384 0.548175
385 0.5660848
386 0.5731127
387 0.5722058
388 0.5778735
389 0.5579234
390 0.5561097
391 0.5701655
392 0.5425074
393 0.5606438
394 0.5740195
395 0.5325323
396 0.5787803
397 0.5708456
398 0.5456813
399 0.561324
400 0.5697121

