i test.power
601 0.4135117
602 0.4071639
603 0.4572659
604 0.4538653
605 0.4815235
606 0.4527318
607 0.4513716
608 0.4481977
609 0.4253004
610 0.4692813
611 0.4747223
612 0.3867604
613 0.4411698
614 0.4409431
615 0.4144185
616 0.4962594
617 0.4549989
618 0.4624802
619 0.4305146
620 0.424847
621 0.4563591
622 0.4928588
623 0.2861029
624 0.4731353
625 0.4722285
626 0.4350487
627 0.4794831
628 0.4910451
629 0.2437089
630 0.4182725
631 0.2740875
632 0.5175697
633 0.4772161
634 0.4495579
635 0.3944684
636 0.4400363
637 0.4525051
638 0.4300612
639 0.4837905
640 0.4921786
641 0.4790297
642 0.5155294
643 0.4028565
644 0.3235094
645 0.5112219
646 0.450238
647 0.4114713
648 0.4778962
649 0.4522784
650 0.3994559
651 0.2820222
652 0.4744956
653 0.4828837
654 0.3622761
655 0.4790297
656 0.4867377
657 0.4141918
658 0.4391294
659 0.494219
660 0.3681705
661 0.4536386
662 0.4058037
663 0.4574926
664 0.4602131
665 0.4581727
666 0.4082974
667 0.3903877
668 0.4586262
669 0.4559057
670 0.4835638
671 0.4314214
672 0.4395829
673 0.4003627
674 0.5153027
675 0.4688279
676 0.4207663
677 0.2627522
678 0.2502834
679 0.498073
680 0.4767626
681 0.3536613
682 0.4257538
683 0.4545455
684 0.4962594
685 0.234414
686 0.4663342
687 0.4420766
688 0.2428021
689 0.2396282
690 0.3872138
691 0.4486511
692 0.4436636
693 0.4466107
694 0.4663342
695 0.450238
696 0.2947178
697 0.4774428
698 0.4230333
699 0.5037406
700 0.1432782
701 0.392428
702 0.4382226
703 0.4724552
704 0.400136
705 0.4207663
706 0.473362
707 0.4917252
708 0.494219
709 0.4828837
710 0.4543187
711 0.5116754
712 0.4218998
713 0.4640671
714 0.2430288
715 0.4318749
716 0.5044208
717 0.4692813
718 0.4416232
719 0.4447971
720 0.3790524
721 0.4096577
722 0.3439129
723 0.4887781
724 0.2217184
725 0.4488778
726 0.4593063
727 0.4148719
728 0.4243936
729 0.4187259
730 0.4379959
731 0.5091816
732 0.4729086
733 0.5021537
734 0.4583995
735 0.498073
736 0.4778962
737 0.478803
738 0.451825
739 0.4370891
740 0.4457039
741 0.4629336
742 0.3069599
743 0.4527318
744 0.4686012
745 0.4667876
746 0.4686012
747 0.4491045
748 0.4631603
749 0.4459306
750 0.4618
751 0.4543187
752 0.4860576
753 0.4726819
754 0.3965087
755 0.4221265
756 0.3466334
757 0.4652006
758 0.4574926
759 0.2697801
760 0.457946
761 0.4255271
762 0.4296078
763 0.3468601
764 0.4389027
765 0.4273407
766 0.4153253
767 0.4781229
768 0.3888007
769 0.4450238
770 0.4901383
771 0.4064838
772 0.5180231
773 0.3792791
774 0.4844706
775 0.4699615
776 0.5066878
777 0.4568125
778 0.4856042
779 0.4835638
780 0.4744956
781 0.4781229
782 0.4082974
783 0.4785763
784 0.4373158
785 0.4978463
786 0.4513716
787 0.4751757
788 0.455679
789 0.2763546
790 0.3629562
791 0.3380186
792 0.4792564
793 0.482657
794 0.4722285
795 0.4536386
796 0.4763092
797 0.4191793
798 0.4570392
799 0.4869644
800 0.4184992

