i test.power
201 0.6406926
202 0.01298701
203 0.008658009
204 0.004329004
205 0.004329004
206 0
207 0.02164502
208 0.06493506
209 0.1471861
210 0.6796537
211 0.05194805
212 0.01298701
213 0
214 0
215 0.02597403
216 0
217 0.04329004
218 0.02597403
219 0.004329004
220 0.05194805
221 0.01298701
222 0
223 0
224 0.1298701
225 0.008658009
226 0
227 0.01298701
228 0
229 0.004329004
230 0.1385281
231 0
232 0.01298701
233 0.08225108
234 0.004329004
235 0
236 0.01298701
237 0
238 0
239 0.02164502
240 0.05627706
241 0.1385281
242 0
243 0.03030303
244 0.6536797
245 0.008658009
246 0.004329004
247 0.03896104
248 0
249 0.01298701
250 0.07359307
251 0
252 0
253 0.05627706
254 0
255 0.02597403
256 0
257 0.03463203
258 0
259 0.3160173
260 0.004329004
261 0
262 0.02164502
263 0.06493506
264 0.08658009
265 0
266 0.004329004
267 0.04329004
268 0
269 0
270 0
271 0
272 0
273 0
274 0
275 0
276 0.1255411
277 0.3939394
278 0.03896104
279 0.1601732
280 0.004329004
281 0.4675325
282 0.06493506
283 0.004329004
284 0.03896104
285 0
286 0.06060606
287 0
288 0.004329004
289 0.02164502
290 0.02164502
291 0
292 0.09090909
293 0
294 0.1731602
295 0.008658009
296 0.03030303
297 0
298 0.004329004
299 0.02164502
300 0.0995671
301 0.1688312
302 0
303 0.01298701
304 0.5411255
305 0
306 0.06060606
307 0
308 0.04329004
309 0.4891775
310 0
311 0.008658009
312 0
313 0
314 0.03463203
315 0
316 0.004329004
317 0.01298701
318 0.004329004
319 0.004329004
320 0
321 0.08225108
322 0
323 0.01298701
324 0
325 0
326 0.008658009
327 0
328 0
329 0.004329004
330 0.004329004
331 0.1601732
332 0.06926407
333 0.2251082
334 0
335 0.1601732
336 0.02164502
337 0.02164502
338 0
339 0.4242424
340 0
341 0.01298701
342 0.008658009
343 0.01298701
344 0.008658009
345 0.01298701
346 0.06493506
347 0
348 0.004329004
349 0.01731602
350 0.04761905
351 0
352 0.01298701
353 0
354 0.01298701
355 0.07792208
356 0
357 0.1082251
358 0.1471861
359 0
360 0
361 0
362 0.05627706
363 0
364 0.08658009
365 0.004329004
366 0.03463203
367 0.04329004
368 0
369 0
370 0.03463203
371 0.04761905
372 0.03030303
373 0.05627706
374 0.01298701
375 0
376 0.05194805
377 0.01298701
378 0.004329004
379 0.02164502
380 0.04761905
381 0.07359307
382 0
383 0.01298701
384 0
385 0.03463203
386 0
387 0.03896104
388 0
389 0.06926407
390 0
391 0
392 0.004329004
393 0.07359307
394 0
395 0
396 0.1385281
397 0.004329004
398 0.5064935
399 0.03030303
400 0.05194805

