i test.power
601 0.4161561
602 0.4501929
603 0.326526
604 0.3787157
605 0.3889267
606 0.3092807
607 0.3126844
608 0.2945314
609 0.4327207
610 0.4179714
611 0.2859088
612 0.3523939
613 0.3344679
614 0.3986839
615 0.5189471
616 0.4683458
617 0.341956
618 0.3067847
619 0.3442251
620 0.313592
621 0.3156342
622 0.4122986
623 0.3015657
624 0.2884048
625 0.4674382
626 0.403676
627 0.2829589
628 0.4719764
629 0.2874972
630 0.4608577
631 0.3120036
632 0.3632857
633 0.3233492
634 0.4073066
635 0.3274336
636 0.316088
637 0.331745
638 0.416383
639 0.3362832
640 0.3460404
641 0.501248
642 0.2629907
643 0.3337872
644 0.4343091
645 0.367597
646 0.354663
647 0.2791014
648 0.4565464
649 0.2868164
650 0.4465623
651 0.437032
652 0.4513274
653 0.4023145
654 0.4749263
655 0.3031541
656 0.475607
657 0.3569322
658 0.4054913
659 0.4776492
660 0.2865895
661 0.3306104
662 0.3732698
663 0.4111641
664 0.4413433
665 0.3483095
666 0.4862718
667 0.4150216
668 0.4427048
669 0.4570002
670 0.3998185
671 0.4599501
672 0.4851373
673 0.4116179
674 0.2992966
675 0.2952122
676 0.3051963
677 0.447243
678 0.444747
679 0.331745
680 0.3079192
681 0.2734286
682 0.3725891
683 0.4862718
684 0.4948945
685 0.4674382
686 0.4265941
687 0.2727479
688 0.4063989
689 0.3133651
690 0.4948945
691 0.303381
692 0.4415702
693 0.4209213
694 0.5014749
695 0.3694123
696 0.3247107
697 0.452462
698 0.3276605
699 0.3387792
700 0.352167
701 0.3653279
702 0.2963467
703 0.4463354
704 0.3900613
705 0.3945995
706 0.3101883
707 0.4415702
708 0.4220558
709 0.4801452
710 0.4365782
711 0.4438393
712 0.4143408
713 0.4726571
714 0.3027002
715 0.2713864
716 0.4658498
717 0.2670751
718 0.5060132
719 0.3140458
720 0.4767415
721 0.4349898
722 0.3412752
723 0.2838666
724 0.3340141
725 0.3480826
726 0.4697073
727 0.470388
728 0.3015657
729 0.3308373
730 0.2804629
731 0.4824143
732 0.3337872
733 0.3605627
734 0.4474699
735 0.3403676
736 0.3224416
737 0.4520082
738 0.3809848
739 0.4107102
740 0.4354436
741 0.5041979
742 0.2958929
743 0.3655548
744 0.3859769
745 0.4824143
746 0.3714545
747 0.3464942
748 0.3517132
749 0.2888586
750 0.3866576
751 0.4402088
752 0.3526208
753 0.2893125
754 0.3353755
755 0.3013388
756 0.3945995
757 0.4844565
758 0.4358974
759 0.4295439
760 0.2999773
761 0.5005673
762 0.4288632
763 0.3056501
764 0.4551849
765 0.4819605
766 0.4792376
767 0.4032221
768 0.4837758
769 0.3494441
770 0.4057182
771 0.3337872
772 0.3970955
773 0.3331064
774 0.3117767
775 0.4644883
776 0.4665305
777 0.3251645
778 0.2972544
779 0.3020195
780 0.406172
781 0.4594963
782 0.4724302
783 0.4937599
784 0.2568641
785 0.4322668
786 0.4311323
787 0.3086
788 0.3013388
789 0.4826413
790 0.3630588
791 0.4504198
792 0.3095076
793 0.4746993
794 0.4887679
795 0.4393011
796 0.4933061
797 0.4520082
798 0.4658498
799 0.4749263
800 0.403676

