i test.power
201 0.5110052
202 0.5139551
203 0.5432267
204 0.5055593
205 0.4930792
206 0.5123667
207 0.5055593
208 0.5046517
209 0.529612
210 0.5062401
211 0.5100976
212 0.5439074
213 0.5427729
214 0.5069208
215 0.5259814
216 0.5162242
217 0.542319
218 0.5339233
219 0.5420921
220 0.5023826
221 0.5173587
222 0.491037
223 0.527116
224 0.5257545
225 0.5123667
226 0.5593374
227 0.5017018
228 0.5173587
229 0.5359655
230 0.4985251
231 0.5339233
232 0.4982982
233 0.5382346
234 0.5384615
235 0.5352848
236 0.5327887
237 0.4810529
238 0.5196279
239 0.4985251
240 0.4964829
241 0.5221239
242 0.5146358
243 0.5250737
244 0.5169049
245 0.5361924
246 0.5096437
247 0.5082823
248 0.5005673
249 0.4928523
250 0.5048786
251 0.4976174
252 0.4971636
253 0.5139551
254 0.5209893
255 0.503971
256 0.4921715
257 0.5200817
258 0.5110052
259 0.5119129
260 0.5436805
261 0.5157704
262 0.5094168
263 0.5391423
264 0.4964829
265 0.537327
266 0.5316542
267 0.5035171
268 0.5250737
269 0.5155435
270 0.5302927
271 0.5334695
272 0.5132743
273 0.547538
274 0.5066939
275 0.516678
276 0.4948945
277 0.5164511
278 0.4930792
279 0.5225777
280 0.5366462
281 0.5277967
282 0.5479918
283 0.5178126
284 0.5175857
285 0.5112321
286 0.5073746
287 0.5221239
288 0.4917177
289 0.5153165
290 0.5291582
291 0.5200817
292 0.511686
293 0.516678
294 0.5073746
295 0.5318811
296 0.519174
297 0.4658498
298 0.5001135
299 0.5234854
300 0.5164511
301 0.519174
302 0.5255276
303 0.5237123
304 0.4640345
305 0.5103245
306 0.5205355
307 0.5014749
308 0.5237123
309 0.5073746
310 0.5069208
311 0.511686
312 0.4923985
313 0.5332426
314 0.5266621
315 0.503744
316 0.5189471
317 0.5173587
318 0.5053324
319 0.5436805
320 0.5146358
321 0.5280236
322 0.503744
323 0.503744
324 0.519174
325 0.519174
326 0.5341502
327 0.5300658
328 0.5030633
329 0.5137282
330 0.4976174
331 0.5153165
332 0.4889948
333 0.524393
334 0.5019287
335 0.5017018
336 0.5291582
337 0.516678
338 0.4953483
339 0.5232585
340 0.5171318
341 0.5178126
342 0.529612
343 0.5121398
344 0.5032902
345 0.5418652
346 0.5035171
347 0.5082823
348 0.529612
349 0.5107783
350 0.5035171
351 0.521897
352 0.5005673
353 0.5409576
354 0.5139551
355 0.5155435
356 0.5080554
357 0.5253007
358 0.5080554
359 0.5014749
360 0.5184933
361 0.5257545
362 0.5159973
363 0.5425459
364 0.5119129
365 0.5232585
366 0.5041979
367 0.508963
368 0.5416383
369 0.5159973
370 0.5130474
371 0.5332426
372 0.5087361
373 0.5017018
374 0.4921715
375 0.5307465
376 0.5493533
377 0.5361924
378 0.537327
379 0.5023826
380 0.5214432
381 0.5287043
382 0.4951214
383 0.5153165
384 0.508963
385 0.503971
386 0.5284774
387 0.5302927
388 0.526889
389 0.5264352
390 0.5250737
391 0.5098707
392 0.496256
393 0.5334695
394 0.5014749
395 0.5046517
396 0.5386885
397 0.5312004
398 0.5234854
399 0.532108
400 0.534831

