i test.power
601 0.4224599
602 0.02317291
603 0.2317291
604 0.3796791
605 0.07664884
606 0.07843137
607 0.1639929
608 0.1087344
609 0.2263815
610 0.1550802
611 0.1853832
612 0.2103387
613 0.2049911
614 0.3832442
615 0.5472371
616 0.2210339
617 0.2103387
618 0.1764706
619 0.2941176
620 0.2156863
621 0.1818182
622 0.07486631
623 0.1301248
624 0.2049911
625 0.1889483
626 0.1729055
627 0.09803922
628 0.228164
629 0.1853832
630 0.1818182
631 0.2442068
632 0.09982175
633 0.1479501
634 0.07486631
635 0.01960784
636 0.1586453
637 0.1336898
638 0.08199643
639 0.1372549
640 0.2317291
641 0.1675579
642 0.1461676
643 0.3101604
644 0.2994652
645 0.3048128
646 0.5044563
647 0.08734403
648 0.5151515
649 0.402852
650 0.2049911
651 0.2352941
652 0.2299465
653 0.2442068
654 0.2406417
655 0.2228164
656 0.171123
657 0.2335116
658 0.2620321
659 0.2335116
660 0.1800357
661 0.1568627
662 0.2691622
663 0.09982175
664 0.2406417
665 0.2192513
666 0.1639929
667 0.4135472
668 0.5258467
669 0.1301248
670 0.1800357
671 0.5258467
672 0.1532977
673 0.1622103
674 0.09269162
675 0.1657754
676 0.1532977
677 0.254902
678 0.1479501
679 0.1319073
680 0.1853832
681 0.1336898
682 0.2352941
683 0.285205
684 0.2424242
685 0.5222816
686 0.2263815
687 0.07130125
688 0.3279857
689 0.1782531
690 0.573975
691 0.2406417
692 0.3868093
693 0.5454545
694 0.4117647
695 0.1889483
696 0.07843137
697 0.2655971
698 0.2566845
699 0.1746881
700 0.3529412
701 0.2299465
702 0.2103387
703 0.1907308
704 0.1746881
705 0.2335116
706 0.1675579
707 0.2335116
708 0.543672
709 0.2388592
710 0.1746881
711 0.2299465
712 0.1087344
713 0.1836007
714 0.2317291
715 0.1515152
716 0.2335116
717 0.06417112
718 0.2263815
719 0.2263815
720 0.5597148
721 0.03208556
722 0.2156863
723 0.201426
724 0.0802139
725 0.2370766
726 0.2638146
727 0.2602496
728 0.14082
729 0.3065954
730 0.1158645
731 0.1497326
732 0.2477718
733 0.3137255
734 0.2477718
735 0.08199643
736 0.1782531
737 0.42959
738 0.1889483
739 0.2905526
740 0.2335116
741 0.4723708
742 0.1622103
743 0.4955437
744 0.197861
745 0.459893
746 0.09090909
747 0.2459893
748 0.2352941
749 0.1105169
750 0.3565062
751 0.09625668
752 0.258467
753 0.2263815
754 0.2566845
755 0.483066
756 0.1301248
757 0.228164
758 0.2192513
759 0.08912656
760 0.1622103
761 0.311943
762 0.513369
763 0.1158645
764 0.2655971
765 0.5098039
766 0.2299465
767 0.1925134
768 0.2352941
769 0.2192513
770 0.3707665
771 0.1301248
772 0.1907308
773 0.1675579
774 0.1604278
775 0.5668449
776 0.5721925
777 0.2620321
778 0.144385
779 0.06773619
780 0.1550802
781 0.2352941
782 0.5115865
783 0.1622103
784 0.2245989
785 0.201426
786 0.228164
787 0.1622103
788 0.07843137
789 0.2941176
790 0.1176471
791 0.5098039
792 0.1176471
793 0.2032086
794 0.4901961
795 0.5650624
796 0.6042781
797 0.1051693
798 0.5383244
799 0.5311943
800 0.2869875

