i test.power
201 0.4599864
202 0.4894582
203 0.3527545
204 0.2604852
205 0.4817502
206 0.4153253
207 0.4246203
208 0.434822
209 0.4291544
210 0.4493312
211 0.4930855
212 0.4627069
213 0.4021764
214 0.4797098
215 0.2804353
216 0.4307413
217 0.400136
218 0.5291317
219 0.4887781
220 0.4180458
221 0.4726819
222 0.4273407
223 0.4704149
224 0.4663342
225 0.467241
226 0.4613466
227 0.4754024
228 0.3833598
229 0.4497846
230 0.4708683
231 0.4234867
232 0.4971662
233 0.4831104
234 0.2257991
235 0.3595557
236 0.2908637
237 0.4744956
238 0.451825
239 0.4842439
240 0.4817502
241 0.2854228
242 0.3835865
243 0.4744956
244 0.4400363
245 0.4611199
246 0.4461573
247 0.4382226
248 0.2110633
249 0.4747223
250 0.4432102
251 0.4082974
252 0.4971662
253 0.4699615
254 0.4914985
255 0.4275674
256 0.3645432
257 0.4686012
258 0.370891
259 0.457946
260 0.4293811
261 0.2514169
262 0.4481977
263 0.2656994
264 0.4466107
265 0.4298345
266 0.4445704
267 0.4967128
268 0.4395829
269 0.4481977
270 0.4452505
271 0.4216731
272 0.5128089
273 0.4189526
274 0.4676944
275 0.4701882
276 0.4824303
277 0.5282249
278 0.4293811
279 0.2693267
280 0.4146452
281 0.4704149
282 0.4416232
283 0.420993
284 0.444117
285 0.4735888
286 0.4398096
287 0.440263
288 0.4851508
289 0.4890048
290 0.4262072
291 0.4738155
292 0.4321016
293 0.4996599
294 0.4756291
295 0.4314214
296 0.5032872
297 0.4758558
298 0.4411698
299 0.5338925
300 0.4561324
301 0.4842439
302 0.3248696
303 0.4466107
304 0.4828837
305 0.4513716
306 0.4298345
307 0.3597824
308 0.4899116
309 0.4565858
310 0.5103151
311 0.4438903
312 0.4801632
313 0.4280209
314 0.2350941
315 0.4887781
316 0.3990025
317 0.4475176
318 0.2788483
319 0.4461573
320 0.4856042
321 0.4731353
322 0.465654
323 0.1611879
324 0.4438903
325 0.2554976
326 0.4291544
327 0.4538653
328 0.4948991
329 0.4436636
330 0.3958286
331 0.4658808
332 0.3683972
333 0.4794831
334 0.3581954
335 0.4352754
336 0.5035139
337 0.4545455
338 0.1963274
339 0.4450238
340 0.3869871
341 0.4819769
342 0.4169123
343 0.1836318
344 0.4173657
345 0.4624802
346 0.3926547
347 0.415552
348 0.4919519
349 0.4343686
350 0.5103151
351 0.4060304
352 0.4783496
353 0.4064838
354 0.4663342
355 0.5053276
356 0.4588529
357 0.4198594
358 0.4416232
359 0.4808433
360 0.3495806
361 0.4797098
362 0.5023804
363 0.4409431
364 0.4221265
365 0.4964861
366 0.4577193
367 0.463387
368 0.3561551
369 0.3049195
370 0.4930855
371 0.5085015
372 0.4404897
373 0.4921786
374 0.4778962
375 0.459533
376 0.4527318
377 0.4568125
378 0.4375425
379 0.5048742
380 0.4797098
381 0.4611199
382 0.4296078
383 0.4769893
384 0.5039674
385 0.4731353
386 0.4302879
387 0.4153253
388 0.4629336
389 0.3740648
390 0.4570392
391 0.427114
392 0.4461573
393 0.4511449
394 0.4114713
395 0.4175924
396 0.474949
397 0.467241
398 0.4146452
399 0.4175924
400 0.4658808

