i test.power
601 0.02597403
602 0.4155844
603 0.04329004
604 0.04329004
605 0.6320346
606 0.5584416
607 0.5627706
608 0
609 0
610 0.008658009
611 0
612 0.03896104
613 0
614 0.04761905
615 0
616 0.03030303
617 0.004329004
618 0
619 0
620 0.01298701
621 0.08225108
622 0
623 0.4675325
624 0
625 0.02597403
626 0.01298701
627 0.01298701
628 0
629 0.2207792
630 0
631 0.09090909
632 0
633 0.1082251
634 0.004329004
635 0.004329004
636 0.03896104
637 0.01298701
638 0.08658009
639 0.004329004
640 0.06060606
641 0.004329004
642 0
643 0
644 0
645 0.01731602
646 0
647 0.008658009
648 0.004329004
649 0.08225108
650 0.03030303
651 0
652 0.0952381
653 0
654 0.02164502
655 0
656 0
657 0
658 0
659 0.02164502
660 0.01298701
661 0.01731602
662 0.01298701
663 0
664 0.4545455
665 0.01298701
666 0.03463203
667 0.004329004
668 0
669 0.004329004
670 0.01298701
671 0
672 0.01298701
673 0.06060606
674 0.07359307
675 0.03030303
676 0.004329004
677 0
678 0
679 0
680 0.08225108
681 0
682 0.004329004
683 0
684 0
685 0
686 0.5627706
687 0.5108225
688 0
689 0
690 0
691 0
692 0.01731602
693 0
694 0.02597403
695 0.03463203
696 0
697 0
698 0.1255411
699 0.2770563
700 0.008658009
701 0
702 0.01298701
703 0.03030303
704 0
705 0
706 0.4632035
707 0.004329004
708 0
709 0.2510823
710 0
711 0.01731602
712 0
713 0
714 0.1125541
715 0.07359307
716 0
717 0.06926407
718 0
719 0.01298701
720 0
721 0
722 0.01298701
723 0.03463203
724 0
725 0.02164502
726 0.05194805
727 0.0952381
728 0.07792208
729 0.03463203
730 0.05194805
731 0
732 0
733 0.01731602
734 0.004329004
735 0
736 0.004329004
737 0.03463203
738 0.09090909
739 0.02597403
740 0.06493506
741 0.06060606
742 0
743 0.5930736
744 0.06926407
745 0
746 0.4112554
747 0
748 0.008658009
749 0.004329004
750 0.05194805
751 0.07359307
752 0.02164502
753 0
754 0
755 0
756 0
757 0.07792208
758 0.1038961
759 0
760 0.02164502
761 0.004329004
762 0.0952381
763 0
764 0.004329004
765 0
766 0.03030303
767 0
768 0
769 0.004329004
770 0
771 0
772 0
773 0.03030303
774 0.05194805
775 0
776 0.06060606
777 0.03896104
778 0
779 0.04329004
780 0
781 0.02164502
782 0.004329004
783 0.05627706
784 0.03896104
785 0
786 0.6709957
787 0.01298701
788 0.004329004
789 0.05627706
790 0.04329004
791 0.08658009
792 0
793 0.004329004
794 0.03896104
795 0.008658009
796 0.01731602
797 0.1168831
798 0.06926407
799 0.008658009
800 0

