i test.power
201 0.6720143
202 0.6666667
203 0.7076649
204 0.6773619
205 0.6541889
206 0.6417112
207 0.7094474
208 0.6114082
209 0.6434938
210 0.573975
211 0.5953654
212 0.6862745
213 0.6702317
214 0.6934046
215 0.5846702
216 0.6524064
217 0.6381462
218 0.6185383
219 0.627451
220 0.6024955
221 0.600713
222 0.6345811
223 0.7165775
224 0.6167558
225 0.6149733
226 0.7040998
227 0.6256684
228 0.6541889
229 0.7005348
230 0.6363636
231 0.5775401
232 0.6969697
233 0.7165775
234 0.6755793
235 0.6987522
236 0.684492
237 0.6470588
238 0.6916221
239 0.6292335
240 0.6470588
241 0.6631016
242 0.6417112
243 0.6666667
244 0.6345811
245 0.6702317
246 0.5365419
247 0.5918004
248 0.657754
249 0.6898396
250 0.6559715
251 0.6631016
252 0.631016
253 0.6809269
254 0.6755793
255 0.7308378
256 0.6167558
257 0.6827094
258 0.6292335
259 0.5632799
260 0.657754
261 0.6203209
262 0.7040998
263 0.6559715
264 0.6541889
265 0.6114082
266 0.5935829
267 0.6559715
268 0.7005348
269 0.6363636
270 0.6399287
271 0.6737968
272 0.6470588
273 0.7076649
274 0.6417112
275 0.7023173
276 0.627451
277 0.5828877
278 0.6381462
279 0.6666667
280 0.5828877
281 0.6755793
282 0.6363636
283 0.6595365
284 0.6755793
285 0.6417112
286 0.6096257
287 0.6595365
288 0.6827094
289 0.6506239
290 0.7112299
291 0.6934046
292 0.6131907
293 0.6185383
294 0.6238859
295 0.6666667
296 0.7254902
297 0.631016
298 0.627451
299 0.6541889
300 0.6898396
301 0.6684492
302 0.6345811
303 0.6720143
304 0.5757576
305 0.6613191
306 0.6666667
307 0.6934046
308 0.6791444
309 0.5882353
310 0.684492
311 0.6755793
312 0.6149733
313 0.6131907
314 0.6648841
315 0.6452763
316 0.6399287
317 0.6078431
318 0.6060606
319 0.6702317
320 0.6951872
321 0.600713
322 0.6613191
323 0.7112299
324 0.6898396
325 0.6524064
326 0.5935829
327 0.5775401
328 0.6648841
329 0.6524064
330 0.6256684
331 0.6541889
332 0.5864528
333 0.6327986
334 0.6221034
335 0.6078431
336 0.6631016
337 0.6345811
338 0.6381462
339 0.688057
340 0.6702317
341 0.6506239
342 0.688057
343 0.6898396
344 0.5918004
345 0.6327986
346 0.6827094
347 0.6613191
348 0.6131907
349 0.6488414
350 0.5828877
351 0.6987522
352 0.5454545
353 0.6720143
354 0.6470588
355 0.6916221
356 0.6381462
357 0.6862745
358 0.6256684
359 0.6042781
360 0.7058824
361 0.6470588
362 0.6541889
363 0.6381462
364 0.6809269
365 0.627451
366 0.5828877
367 0.627451
368 0.7005348
369 0.6773619
370 0.6167558
371 0.6417112
372 0.6363636
373 0.6292335
374 0.6363636
375 0.6862745
376 0.6559715
377 0.7130125
378 0.6791444
379 0.6452763
380 0.6096257
381 0.6809269
382 0.6541889
383 0.5365419
384 0.5882353
385 0.5918004
386 0.6684492
387 0.6399287
388 0.6381462
389 0.6684492
390 0.7237077
391 0.6345811
392 0.6203209
393 0.6631016
394 0.6167558
395 0.6238859
396 0.573975
397 0.5828877
398 0.6934046
399 0.6773619
400 0.5579323

