i test.power
601 0.1370547
602 0.3208532
603 0.3578398
604 0.1926481
605 0.4486045
606 0.3789426
607 0.1263898
608 0.3641933
609 0.06852734
610 0.1159519
611 0.4236442
612 0.2686635
613 0.2825051
614 0.3789426
615 0.2566372
616 0.2480145
617 0.4277286
618 0.3596551
619 0.3905151
620 0.1917404
621 0.2654867
622 0.3626049
623 0.06013161
624 0.3601089
625 0.4324938
626 0.3769004
627 0.4365782
628 0.3641933
629 0.07601543
630 0.09189925
631 0.390742
632 0.4347629
633 0.4517813
634 0.2418879
635 0.4079873
636 0.3092807
637 0.3780349
638 0.2312231
639 0.3589744
640 0.4132063
641 0.4002723
642 0.4572271
643 0.1377354
644 0.1801679
645 0.4168369
646 0.3337872
647 0.2525528
648 0.416383
649 0.344452
650 0.1588382
651 0.192875
652 0.4488314
653 0.4218289
654 0.3793964
655 0.3755389
656 0.3503517
657 0.3321988
658 0.4238711
659 0.4386204
660 0.1381892
661 0.4265941
662 0.3485364
663 0.1061947
664 0.4034491
665 0.1642841
666 0.3739505
667 0.3172226
668 0.3841616
669 0.4025414
670 0.4016338
671 0.4098026
672 0.3859769
673 0.1366009
674 0.4760608
675 0.3719083
676 0.3494441
677 0.431813
678 0.128432
679 0.2756978
680 0.4150216
681 0.1393238
682 0.3755389
683 0.3557976
684 0.3610166
685 0.1581575
686 0.3548899
687 0.3312911
688 0.1524847
689 0.09552984
690 0.213297
691 0.3603358
692 0.3664624
693 0.3737236
694 0.4247788
695 0.3235761
696 0.2067166
697 0.1744951
698 0.3378716
699 0.4445201
700 0.01316088
701 0.3839346
702 0.398457
703 0.3029272
704 0.177445
705 0.2659405
706 0.4372589
707 0.383027
708 0.411391
709 0.3902882
710 0.2260041
711 0.4597232
712 0.1622419
713 0.4311323
714 0.08781484
715 0.2909008
716 0.4188791
717 0.3730429
718 0.06262764
719 0.1971863
720 0.04402088
721 0.2437032
722 0.08395734
723 0.4181983
724 0.05650102
725 0.2114817
726 0.3973224
727 0.1511232
728 0.3340141
729 0.395961
730 0.2961198
731 0.3948264
732 0.3126844
733 0.4306785
734 0.3952802
735 0.3889267
736 0.3707738
737 0.406172
738 0.1068754
739 0.3167688
740 0.3841616
741 0.2312231
742 0.2121625
743 0.3884729
744 0.4120717
745 0.18516
746 0.4057182
747 0.3864307
748 0.3471749
749 0.2899932
750 0.4098026
751 0.411391
752 0.1111867
753 0.2550488
754 0.3626049
755 0.4100295
756 0.4209213
757 0.4211482
758 0.3980032
759 0.09257999
760 0.4029952
761 0.3791695
762 0.4184252
763 0.1672339
764 0.1663263
765 0.3430905
766 0.3961879
767 0.4082142
768 0.09961425
769 0.1481734
770 0.3896074
771 0.1257091
772 0.4220558
773 0.03539823
774 0.4091219
775 0.4295439
776 0.4168369
777 0.2990697
778 0.390742
779 0.2378035
780 0.1313819
781 0.3326526
782 0.1606535
783 0.1415929
784 0.4004992
785 0.1007488
786 0.3803041
787 0.06262764
788 0.06308146
789 0.05922396
790 0.1962786
791 0.06262764
792 0.3269798
793 0.3462673
794 0.2461992
795 0.403676
796 0.4304516
797 0.3871114
798 0.3206263
799 0.4284093
800 0.1030179

