i test.power
201 0.8484848
202 0.7705628
203 0.8181818
204 0.7748918
205 0.6536797
206 0.8008658
207 0.8874459
208 0.6493506
209 0.8181818
210 0.6190476
211 0.5108225
212 0.7229437
213 0.7445887
214 0.8008658
215 0.7359307
216 0.6883117
217 0.7835498
218 0.7056277
219 0.7316017
220 0.6363636
221 0.1948052
222 0.7316017
223 0.8051948
224 0.6839827
225 0.7316017
226 0.7705628
227 0.6969697
228 0.8181818
229 0.7489177
230 0.7922078
231 0.7619048
232 0.8095238
233 0.8311688
234 0.7705628
235 0.7142857
236 0.8138528
237 0.7748918
238 0.8528139
239 0.6753247
240 0.7878788
241 0.8095238
242 0.8051948
243 0.8225108
244 0.4675325
245 0.7056277
246 0.6623377
247 0.7835498
248 0.7965368
249 0.8095238
250 0.7748918
251 0.7792208
252 0.7272727
253 0.7359307
254 0.7575758
255 0.7445887
256 0.8181818
257 0.8095238
258 0.8268398
259 0.3852814
260 0.7662338
261 0.7359307
262 0.8051948
263 0.7402597
264 0.6753247
265 0.6883117
266 0.1212121
267 0.8095238
268 0.8441558
269 0.7359307
270 0.7662338
271 0.8225108
272 0.7792208
273 0.8225108
274 0.7662338
275 0.8528139
276 0.7272727
277 0.6493506
278 0.8658009
279 0.8311688
280 0.1341991
281 0.7662338
282 0.8051948
283 0.7662338
284 0.8008658
285 0.5151515
286 0.5757576
287 0.7186147
288 0.8181818
289 0.7142857
290 0.8441558
291 0.7878788
292 0.6623377
293 0.6103896
294 0.6753247
295 0.7662338
296 0.9004329
297 0.8138528
298 0.7878788
299 0.8051948
300 0.8441558
301 0.7878788
302 0.7142857
303 0.8441558
304 0.4761905
305 0.8268398
306 0.8095238
307 0.8138528
308 0.6796537
309 0.1904762
310 0.6147186
311 0.7965368
312 0.7922078
313 0.7272727
314 0.8398268
315 0.8095238
316 0.7835498
317 0.6753247
318 0.7662338
319 0.7835498
320 0.7922078
321 0.7099567
322 0.8354978
323 0.8701299
324 0.7575758
325 0.7878788
326 0.7272727
327 0.7012987
328 0.7142857
329 0.7705628
330 0.7575758
331 0.7748918
332 0.6969697
333 0.7402597
334 0.7705628
335 0.7186147
336 0.7316017
337 0.4025974
338 0.8008658
339 0.6883117
340 0.5844156
341 0.7186147
342 0.8658009
343 0.8354978
344 0.5238095
345 0.3593074
346 0.7792208
347 0.8095238
348 0.7922078
349 0.7316017
350 0.7575758
351 0.8225108
352 0.1168831
353 0.8095238
354 0.8051948
355 0.7662338
356 0.6969697
357 0.8528139
358 0.6580087
359 0.7619048
360 0.8744589
361 0.7445887
362 0.7748918
363 0.8051948
364 0.7532468
365 0.8008658
366 0.07359307
367 0.6969697
368 0.7965368
369 0.7272727
370 0.7142857
371 0.7705628
372 0.7965368
373 0.6666667
374 0.5714286
375 0.7445887
376 0.8008658
377 0.7922078
378 0.7186147
379 0.7792208
380 0.7445887
381 0.8311688
382 0.7705628
383 0.6926407
384 0.6320346
385 0.7012987
386 0.8008658
387 0.7835498
388 0.8398268
389 0.8398268
390 0.8701299
391 0.8008658
392 0.6363636
393 0.8614719
394 0.7705628
395 0.5930736
396 0.7229437
397 0.7272727
398 0.7532468
399 0.7662338
400 0.7532468

