i yellow olivedrab orange cyan
1 0 0 0.006574473 0
2 0 0 0 0
3 0 0 0 0
4 0 0 0.001813648 0
5 0 0 0.006121061 0.01065518
6 0 0 0 0.01949671
7 0 0 0.003173883 0
8 0 0 0 0.2394015
9 0 0 0 0.002040354
10 0 0 0 0.005894355
11 0 0 0 0
12 0 0 0.004080707 0.004534119
13 0 0 0 0
14 0.02516436 0 0 0.01110859
15 0 0 0 0
16 0 0 0.01337565 0.02312401
17 0 0 0 0
18 0 0 0 0.004987531
19 0 0 0 0
20 0 0 0.004534119 0
21 0.1262752 0 0 0.01496259
22 0.0380866 0 0 0.2620721
23 0 0 0 0
24 0 0 0 0.1004307
25 0.004080707 0 0 0.009294944
26 0 0 0.01292224 0
27 0 0 0 0
28 0 0 0.005667649 0
29 0 0 0.01405577 0.04511449
30 0 0 0 0
31 0 0 0.03264566 0.02471095
32 0 0 0 0.01224212
33 0 0 0.0303786 0.01428248
34 0 0 0 0.03763319
35 0 0 0 0
36 0 0 0 0
37 0 0 0.003400589 0.1088189
38 0 0 0 0
39 0 0 0 0.01722965
40 0 0 0 0.0113353
41 0 0 0.01700295 0.02788483
42 0 0 0 0
43 0 0 0 0.3101338
44 0 0 0.007254591 0.002947178
45 0 0 0 0
46 0 0 0 0
47 0 0 0.06415779 0
48 0 0 0.01949671 0.01700295
49 0 0 0.001586942 0.01042847
50 0 0 0 0.002947178
51 0 0 0 0
52 0 0 0 0
53 0 0 0.02425754 0
54 0 0 0 0
55 0.01088189 0 0 0.05078214
56 0 0 0.00113353 0
57 0 0 0.01405577 0.03309907
58 0 0 0 0
59 0.05259578 0 0 0.01564271
60 0 0 0.007481297 0.02085695
61 0 0 0 0
62 0 0 0.002720472 0
63 0 0 0.00113353 0
64 0 0 0 0.005894355
65 0 0 0.002720472 0.006801179
66 0 0 0 0
67 0 0 0 0
68 0 0 0 0
69 0 0 0 0
70 0 0 0 0
71 0 0 0 0.000226706
72 0 0 0.003400589 0
73 0 0 0 0
74 0 0 0 0.0004534119
75 0 0 0 0.005440943
76 0 0 0 0
77 0 0 0 0.005214237
78 0 0 0 0.005214237
79 0 0 0 0
80 0 0 0 0.01428248
81 0 0 0 0
82 0 0 0 0
83 0 0 0 0.001360236
84 0 0 0 0
85 0 0 0 0.0006801179
86 0 0 0 0.002947178
87 0 0 0.007254591 0.01224212
88 0 0 0 0.001360236
89 0 0 0 0.2629789
90 0 0 0 0.007481297
91 0 0 0 0.01745636
92 0.08320109 0 0 0.01428248
93 0 0 0 0
94 0 0 0 0
95 0 0 0 0
96 0 0 0.007027885 0
97 0 0 0 0
98 0 0 0 0
99 0 0 0 0
100 0 0 0 0
101 0 0 0 0
102 0 0 0 0
103 0 0 0.0004534119 0
104 0 0 0 0.004307413
105 0 0 0 0
106 0 0 0 0
107 0 0 0 0
108 0 0 0.002720472 0.005440943
109 0 0 0.006347767 0.005440943
110 0 0 0.04443437 0
111 0.1122195 0 0 0.02607119
112 0 0 0 0.006801179
113 0 0 0.006347767 0.007481297
114 0 0 0 0.05554296
115 0 0 0 0
116 0 0 0.1090456 0
117 0 0 0.001586942 0.004534119
118 0 0 0.0457946 0
119 0 0 0 0
120 0 0 0 0
121 0.002720472 0 0.3065065 0
122 0 0 0.01360236 0
123 0 0 0.006574473 0.2561777
124 0 0 0.2090229 0.004307413
125 0 0 0 0.003173883
126 0 0 0 0.008614827
127 0 0 0 0
128 0 0 0 0
129 0 0 0 0.005894355
130 0 0 0.01745636 0.01337565
131 0.1113126 0 0 0.05214237
132 0.1192473 0 0 0.03151213
133 0 0 0 0
134 0 0 0 0
135 0 0 0 0.005894355
136 0 0 0.0151893 0.01813648
137 0 0 0 0
138 0 0 0 0
139 0 0 0 0
140 0 0 0.005214237 0
141 0 0 0 0.005214237
142 0 0 0 0
143 0 0 0 0
144 0 0 0 0
145 0.02153707 0 0 0.05644978
146 0 0 0.004080707 0
147 0 0 0 0
148 0 0 0.0949898 0.008161415
149 0 0 0 0
150 0 0 0.003627295 0
151 0 0 0.002040354 0.004534119
152 0 0 0 0.01292224
153 0 0 0.01881659 0
154 0 0 0 0.005440943
155 0 0 0 0
156 0 0 0 0
157 0 0 0 0
158 0.003854001 0 0 0.02879166
159 0 0 0.005214237 0
160 0 0 0 0
161 0 0 0.005214237 0.01768307
162 0 0 0 0
163 0 0 0 0
164 0 0 0 0
165 0 0 0 0
166 0 0 0 0.002947178
167 0 0 0 0.004987531
168 0 0 0.006121061 0
169 0 0 0.1541601 0.01496259
170 0 0 0.3042394 0
171 0 0 0 0.07934709
172 0 0 0 0
173 0 0 0.006121061 0.01836318
174 0 0 0 0
175 0 0 0.01382906 0.07798685
176 0 0 0 0
177 0 0 0 0
178 0 0 0 0
179 0.1727499 0 0 0.2992519
180 0 0 0 0
181 0 0 0.003627295 0
182 0 0 0.01314895 0
183 0 0 0 0
184 0.1051916 0 0 0.02924507
185 0 0 0.002947178 0.004307413
186 0 0 0 0.005440943
187 0.1398776 0 0 0.004534119
188 0 0 0 0
189 0 0 0.002720472 0
190 0 0 0 0
191 0 0 0 0
192 0 0 0 0.06279755
193 0 0 0.00226706 0
194 0 0 0.01836318 0
195 0 0 0.2793017 0.02199048
196 0.1276355 0 0 0.04715484
197 0 0 0 0
198 0.004760825 0 0 0.03649966
199 0 0 0.04420766 0.04738155
200 0 0 0 0
201 0.02788483 0 0 0.01428248
202 0 0 0.002720472 0.009748356
203 0 0 0.007254591 0
204 0 0 0 0
205 0 0 0.003400589 0.003854001
206 0 0 0 0.00952165
207 0 0 0.04919519 0
208 0 0 0 0
209 0 0 0.008841533 0.004987531
210 0 0 0 0
211 0 0 0 0
212 0.0006801179 0 0.1135797 0.04488778
213 0 0 0 0
214 0 0 0 0
215 0 0 0.005214237 0
216 0 0 0 0
217 0 0 0.01790977 0
218 0 0 0 0
219 0 0 0.02380413 0.01065518
220 0 0 0.002947178 0.008614827
221 0 0.09861709 0.05781002 0.001586942
222 0 0 0.01450918 0.01700295
223 0 0 0.01949671 0.006347767
224 0 0 0 0
225 0 0 0 0
226 0 0 0 0.002947178
227 0 0 0 0.003400589
228 0 0 0 0
229 0 0 0 0
230 0 0 0.005667649 0.3248696
231 0 0 0.01428248 0.002947178
232 0 0 0 0.1301292
233 0 0 0.004307413 0
234 0 0 0 0
235 0 0 0 0.02357742
236 0 0 0.01972342 0.005667649
237 0 0 0 0.01858989
238 0 0 0 0.003400589
239 0 0 0 0.01949671
240 0 0 0 0
241 0 0 0 0
242 0 0 0 0
243 0 0 0 0.215144
244 0 0 0 0
245 0 0 0.003854001 0.004080707
246 0 0 0 0
247 0 0 0 0
248 0 0 0.002040354 0
249 0 0 0 0.009748356
250 0 0 0 0
251 0 0 0.01745636 0.02085695
252 0 0 0 0.01178871
253 0 0 0.05554296 0.004987531
254 0 0 0.005440943 0
255 0.02584448 0 0 0.01201542
256 0 0 0 0
257 0 0 0 0.0006801179
258 0 0 0.003400589 0.2847427
259 0 0 0 0
260 0 0 0 0
261 0 0 0 0.008841533
262 0 0 0.004534119 0.009294944
263 0 0 0 0
264 0 0 0 0
265 0 0.008614827 0.04896849 0.08932215
266 0 0 0 0.009068238
267 0 0 0.07005214 0
268 0 0 0 0
269 0 0 0 0.001360236
270 0 0 0 0.01110859
271 0 0 0 0.007481297
272 0 0 0 0.002720472
273 0 0 0 0
274 0 0 0.00226706 0
275 0 0 0 0
276 0 0 0 0.006347767
277 0 0 0 0.003854001
278 0 0 0 0
279 0 0 0.01314895 0.01337565
280 0 0 0 0
281 0 0 0.213557 0
282 0 0 0 0.00113353
283 0 0 0.01836318 0.02901836
284 0 0 0 0.2591249
285 0 0 0.007254591 0.001586942
286 0 0 0.001813648 0
287 0 0 0 0.001813648
288 0 0 0 0
289 0.06506461 0 0 0.0646112
290 0 0 0.01564271 0
291 0 0 0 0.005214237
292 0 0 0 0
293 0 0 0.03241895 0
294 0 0.05463614 0.3201088 0.01949671
295 0 0 0.009068238 0.004760825
296 0 0 0 0
297 0 0 0 0
298 0 0 0.0006801179 0
299 0 0 0.06665155 0
300 0 0 0.003400589 0.006347767
301 0 0 0 0
302 0 0 0 0
303 0 0 0 0.004307413
304 0 0 0 0.005667649
305 0 0 0.004307413 0.03264566
306 0 0 0.01065518 0.07685332
307 0 0 0 0
308 0 0.001360236 0.01178871 0
309 0 0 0.02244389 0.05781002
310 0 0 0.003173883 0
311 0 0 0 0
312 0 0 0.006574473 0
313 0 0 0 0
314 0 0 0 0
315 0 0 0 0
316 0 0 0.02221718 0.007254591
317 0 0 0 0
318 0 0 0 0
319 0 0 0 0.007708003
320 0 0 0 0
321 0 0 0 0
322 0 0 0.01700295 0.04330084
323 0 0 0 0.01246883
324 0 0 0 0
325 0 0 0 0
326 0 0 0 0
327 0 0 0 0
328 0 0 0.003627295 0
329 0 0 0.002947178 0
330 0 0 0 0
331 0 0 0.005894355 0.006121061
332 0 0 0 0.2060757
333 0 0 0 0
334 0 0 0 0.06914532
335 0 0 0.003627295 0.03264566
336 0 0 0 0
337 0 0 0 0
338 0 0 0 0
339 0 0 0.004987531 0.003173883
340 0 0 0.003173883 0
341 0 0 0 0.02040354
342 0 0 0 0
343 0 0 0 0
344 0 0 0 0
345 0 0 0.01813648 0
346 0 0 0.03536613 0.007481297
347 0 0 0.004987531 0
348 0 0 0 0.0004534119
349 0 0 0 0
350 0 0 0 0.01450918
351 0 0 0.005214237 0
352 0 0 0.03309907 0.02448424
353 0 0 0 0
354 0 0 0 0
355 0 0 0 0
356 0.006801179 0 0 0.03196554
357 0 0 0.004760825 0.01088189
358 0.0798005 0 0 0.0607572
359 0 0 0 0
360 0 0 0.005894355 0
361 0 0 0.01201542 0.007708003
362 0 0 0 0
363 0 0 0.01337565 0
364 0.09158921 0 0 0.2217184
365 0 0 0 0.05191567
366 0 0 0 0
367 0 0.08116073 0.07050555 0.005214237
368 0 0 0 0.00226706
369 0 0 0.0151893 0.05849014
370 0 0 0 0
371 0 0 0.003627295 0.0532759
372 0 0 0.003400589 0.006121061
373 0 0 0.002493766 0
374 0 0 0 0
375 0 0 0.002040354 0.03196554
376 0.07481297 0 0.004080707 0.01609612
377 0 0 0 0
378 0 0 0 0
379 0 0 0.2217184 0
380 0 0 0.001360236 0.001813648
381 0 0 0 0
382 0 0 0.009294944 0
383 0 0 0 0
384 0 0 0 0
385 0.0004534119 0 0.2387214 0.004534119
386 0.003173883 0 0.07163908 0.03649966
387 0.06121061 0 0 0.03173883
388 0 0 0 0
389 0 0 0.003854001 0
390 0 0 0 0
391 0 0 0.004987531 0.004080707
392 0 0 0 0
393 0 0 0 0
394 0 0 0 0
395 0 0 0 0.01677624
396 0.01405577 0 0 0.05191567
397 0 0 0 0.004534119
398 0 0 0 0
399 0 0 0 0
400 0 0 0 0
401 0 0 0 0.03627295
402 0 0 0 0
403 0 0 0 0
404 0 0 0 0
405 0 0 0 0
406 0 0 0 0
407 0 0 0.02743142 0.004307413
408 0 0 0.02561777 0.01927001
409 0 0 0.003854001 0.0267513
410 0 0 0.003173883 0
411 0 0 0 0.02380413
412 0 0 0 0
413 0 0 0 0.02924507
414 0 0 0 0
415 0 0 0.00226706 0
416 0 0 0.01722965 0.02199048
417 0 0 0.004760825 0.003173883
418 0 0 0 0
419 0 0 0.01246883 0
420 0 0 0 0
421 0 0 0 0.004080707
422 0 0 0.007254591 0.005440943
423 0 0 0.005667649 0.003854001
424 0 0 0 0.00113353
425 0 0 0 0
426 0 0 0.02425754 0
427 0 0 0.002720472 0
428 0.002493766 0 0 0.01428248
429 0 0 0 0
430 0 0 0 0
431 0 0 0 0
432 0 0 0 0
433 0 0 0 0.005440943
434 0 0 0.2688733 0
435 0 0 0.02516436 0.003400589
436 0 0 0.005214237 0
437 0 0 0 0.01722965
438 0.01042847 0 0 0.01745636
439 0 0 0 0
440 0 0 0.01496259 0.005214237
441 0 0 0 0
442 0 0 0 0
443 0 0 0.002720472 0
444 0 0 0 0
445 0 0 0.0609839 0.01836318
446 0 0 0 0.0265246
447 0 0 0.005214237 0.04670143
448 0 0 0.001586942 0
449 0 0 0 0
450 0 0 0.01813648 0.02380413
451 0 0 0.003627295 0.007934709
452 0 0 0.005667649 0.008614827
453 0 0 0 0
454 0.02425754 0 0.004534119 0.0378599
455 0 0 0.0006801179 0
456 0 0 0 0
457 0 0 0 0
458 0 0 0 0
459 0.06370438 0 0 0
460 0.006347767 0 0.1482657 0.02153707
461 0 0 0 0.002720472
462 0 0 0 0
463 0 0 0.05554296 0
464 0 0 0 0
465 0 0 0 0
466 0 0 0 0.01700295
467 0 0 0 0
468 0 0 0 0
469 0 0 0 0
470 0 0 0 0
471 0 0 0 0
472 0 0 0 0.2278395
473 0 0 0.002040354 0.2947178
474 0 0 0.03400589 0.008161415
475 0 0 0 0
476 0 0 0 0
477 0.06914532 0 0 0.04262072
478 0 0 0 0
479 0 0 0.004534119 0
480 0 0 0 0
481 0 0 0 0
482 0 0 0.0455679 0.007027885
483 0 0 0 0.01496259
484 0 0 0 0.002720472
485 0 0 0 0.006347767
486 0 0 0 0
487 0 0 0 0
488 0 0 0 0.004080707
489 0 0 0.003627295 0
490 0.004307413 0 0 0
491 0 0 0 0
492 0 0 0 0.004760825
493 0 0 0 0.003854001
494 0 0 0 0.00226706
495 0.09839039 0 0.0004534119 0.05395602
496 0 0 0.0265246 0
497 0 0.008614827 0.06189073 0.005440943
498 0 0 0 0
499 0 0 0.02516436 0.03400589
500 0 0 0 0
