i yellow olivedrab orange cyan
1 0 0 0 0
2 0 0 0 0
3 0 0 0 0
4 0 0 0 0
5 0 0.02561777 0 0
6 0 0 0 0
7 0 0 0 0
8 0 0 0 0.1004307
9 0 0 0 0
10 0 0 0 0
11 0 0 0 0
12 0 0 0 0
13 0 0 0 0
14 0 0 0 0
15 0 0 0 0
16 0 0 0 0.003173883
17 0 0.02833825 0 0
18 0 0.01450918 0 0
19 0 0.03287236 0 0
20 0 0 0 0
21 0.132623 0 0 0
22 0.007708003 0 0 0.2879166
23 0 0 0 0
24 0 0 0 0.06823849
25 0.003173883 0 0 0.003400589
26 0 0.03355248 0 0
27 0 0 0 0
28 0 0 0 0
29 0 0 0 0.02040354
30 0 0 0 0
31 0 0 0 0.03944684
32 0 0 0 0
33 0 0 0 0.002947178
34 0 0 0 0.0228973
35 0 0 0 0
36 0 0 0 0
37 0 0 0 0.1160735
38 0 0 0 0
39 0 0 0 0.01609612
40 0 0 0 0
41 0 0 0 0.02856495
42 0 0 0 0
43 0 0 0 0.259805
44 0 0 0 0
45 0 0 0 0
46 0 0 0 0
47 0 0.009975062 0.01246883 0
48 0 0 0 0.006121061
49 0 0 0 0
50 0 0 0 0
51 0 0 0 0
52 0 0 0 0
53 0 0 0 0
54 0 0 0 0
55 0.007254591 0 0 0.03513942
56 0 0.1063251 0 0
57 0 0 0 0.02153707
58 0 0 0 0
59 0.04443437 0 0 0.01473589
60 0 0 0 0.01586942
61 0 0 0 0
62 0 0 0 0
63 0 0 0 0
64 0 0 0 0
65 0 0 0 0.07889367
66 0 0 0 0
67 0 0 0 0
68 0 0 0 0
69 0 0 0 0
70 0 0 0 0
71 0 0 0 0
72 0 0 0 0
73 0 0 0 0
74 0 0 0 0.001360236
75 0 0 0 0
76 0 0 0.005894355 0
77 0 0 0 0
78 0 0 0 0.004307413
79 0 0 0 0
80 0 0 0 0.01496259
81 0 0 0 0
82 0 0 0 0
83 0 0 0 0
84 0 0.05010202 0 0
85 0 0 0 0
86 0 0 0 0
87 0 0 0 0
88 0 0 0 0
89 0 0 0 0.2446157
90 0 0 0 0
91 0 0 0 0.02697801
92 0.07639991 0 0 0.0113353
93 0 0 0 0.002040354
94 0 0 0 0
95 0 0 0 0
96 0 0 0 0
97 0 0 0 0
98 0 0 0 0
99 0 0 0 0
100 0 0 0 0
101 0 0 0 0
102 0 0.07458626 0 0
103 0 0 0 0
104 0 0 0 0
105 0 0 0 0
106 0 0.002947178 0 0
107 0 0 0 0
108 0 0 0 0
109 0 0 0 0.02516436
110 0 0 0.003627295 0
111 0.03559284 0 0 0.01110859
112 0 0 0 0.007027885
113 0 0.06529132 0 0
114 0 0 0 0.04874178
115 0 0 0 0
116 0 0.02720472 0.03241895 0
117 0 0 0 0
118 0 0 0 0
119 0 0 0 0
120 0 0 0 0
121 0.01564271 0.1011109 0.03241895 0.008161415
122 0 0 0 0
123 0 0 0 0.1226479
124 0 0 0.1088189 0
125 0 0 0 0.00113353
126 0 0 0 0
127 0 0 0 0
128 0 0.01564271 0 0
129 0 0 0 0
130 0 0 0 0.03128542
131 0.1026978 0 0 0.05100884
132 0.1439583 0 0 0.0378599
133 0 0 0 0.004987531
134 0 0 0 0
135 0 0 0 0.005440943
136 0 0 0 0.02221718
137 0 0 0 0
138 0 0 0 0
139 0 0 0 0
140 0 0 0 0
141 0 0 0 0
142 0 0 0 0.005214237
143 0 0.0004534119 0 0
144 0 0 0 0
145 0.007481297 0 0 0.05440943
146 0 0 0 0
147 0 0 0 0
148 0 0.03649966 0.04375425 0
149 0 0 0 0
150 0 0 0 0
151 0 0 0 0
152 0 0 0 0
153 0 0 0 0
154 0 0 0 0
155 0 0 0 0
156 0 0.001586942 0 0
157 0 0 0 0
158 0 0 0 0.01428248
159 0 0 0 0
160 0 0 0 0
161 0 0 0 0.01450918
162 0 0 0 0.003173883
163 0 0.01020177 0 0
164 0 0 0 0
165 0 0 0 0
166 0 0 0 0.001360236
167 0 0 0 0
168 0 0 0 0
169 0 0 0.07730673 0.003400589
170 0.002040354 0.1199275 0.2656994 0.004987531
171 0 0 0 0.09635003
172 0 0 0 0.004987531
173 0 0 0 0.01042847
174 0 0 0 0
175 0 0 0 0.03854001
176 0 0 0 0
177 0 0 0 0
178 0 0 0 0
179 0.006121061 0 0 0.2781682
180 0 0 0 0
181 0 0 0 0
182 0 0 0 0
183 0 0 0 0
184 0.09997733 0 0 0.01995012
185 0 0 0 0
186 0 0 0 0.009975062
187 0.03854001 0 0 0
188 0 0 0 0
189 0 0 0 0
190 0 0 0 0
191 0 0 0 0
192 0 0 0 0.05985037
193 0 0 0 0
194 0 0 0 0
195 0 0.1197007 0.2378146 0.01020177
196 0.1627749 0 0 0.05667649
197 0 0 0 0
198 0.003854001 0 0 0.03219225
199 0 0 0.03740648 0.02493766
200 0 0 0 0
201 0.06551802 0 0 0.0228973
202 0 0 0 0.006574473
203 0 0 0 0
204 0 0 0 0
205 0 0 0 0.001360236
206 0 0 0 0
207 0 0.2208116 0 0
208 0 0 0 0
209 0 0 0 0
210 0 0 0 0
211 0 0 0 0
212 0 0 0.0609839 0.04352754
213 0 0 0 0
214 0 0 0 0.00226706
215 0 0 0 0
216 0 0 0 0
217 0 0 0 0
218 0 0 0 0
219 0 0.05871684 0.009748356 0
220 0 0 0 0
221 0 0.1244616 0.02833825 0
222 0 0 0 0.004760825
223 0 0 0 0
224 0 0 0 0
225 0 0 0 0
226 0 0 0 0
227 0 0 0 0
228 0 0 0 0
229 0 0 0 0
230 0 0 0 0.275221
231 0 0 0.002493766 0
232 0 0 0 0.2643392
233 0 0 0 0
234 0 0 0 0
235 0 0 0 0.02221718
236 0 0.03627295 0 0
237 0 0 0 0.006574473
238 0 0 0 0
239 0 0 0 0
240 0 0 0 0
241 0 0 0 0
242 0 0 0 0
243 0 0 0 0.01473589
244 0 0 0 0
245 0 0 0 0
246 0 0 0 0
247 0 0 0 0
248 0 0 0 0
249 0 0 0 0.006347767
250 0 0 0 0
251 0 0 0 0.01745636
252 0 0 0 0
253 0.000226706 0 0 0.02040354
254 0 0 0 0
255 0.005667649 0 0 0
256 0 0 0 0
257 0 0 0 0.001360236
258 0 0 0 0.279075
259 0 0 0 0
260 0 0 0 0
261 0 0 0 0
262 0 0 0 0.000226706
263 0 0 0 0.000226706
264 0 0 0 0
265 0 0.04307413 0.01496259 0.05418273
266 0 0 0 0
267 0 0 0.02561777 0
268 0 0 0 0
269 0 0 0 0.0004534119
270 0 0 0 0.003173883
271 0 0 0 0
272 0 0 0 0
273 0 0 0 0
274 0 0 0 0.01382906
275 0 0 0 0
276 0 0 0 0.02425754
277 0 0 0 0
278 0 0 0 0
279 0 0.04715484 0 0.01790977
280 0 0 0 0
281 0 0 0.2371344 0
282 0 0 0 0.002720472
283 0 0 0 0.03695307
284 0 0 0 0.1435049
285 0 0.007934709 0 0
286 0 0 0 0.008161415
287 0 0 0 0
288 0 0 0 0
289 0.005214237 0 0 0.06438449
290 0 0 0 0
291 0 0 0 0.003400589
292 0 0 0 0
293 0 0.02856495 0.006801179 0
294 0 0.2090229 0.2722739 0
295 0 0 0 0
296 0 0 0 0
297 0 0 0 0
298 0 0 0 0
299 0 0 0 0
300 0 0 0 0
301 0 0 0 0
302 0 0 0 0
303 0 0 0 0
304 0 0 0 0
305 0 0 0 0.0113353
306 0 0 0 0.02584448
307 0 0 0 0
308 0 0.01450918 0 0
309 0 0 0 0.0646112
310 0 0 0 0.0006801179
311 0 0 0 0
312 0 0 0 0
313 0 0 0 0
314 0 0 0 0
315 0 0 0 0
316 0 0 0.004987531 0
317 0 0 0 0
318 0 0 0 0
319 0 0 0 0.006801179
320 0 0 0 0
321 0 0.005894355 0 0
322 0 0 0 0.02697801
323 0 0 0 0
324 0 0 0 0
325 0 0 0 0
326 0 0 0 0
327 0 0 0 0
328 0 0 0 0
329 0 0 0 0
330 0 0 0 0
331 0 0 0 0
332 0 0 0 0.138744
333 0 0 0 0
334 0 0 0 0.240535
335 0 0 0 0.011562
336 0 0 0 0
337 0 0 0 0
338 0 0 0 0
339 0 0 0 0
340 0 0 0 0
341 0 0 0 0.005214237
342 0 0 0 0
343 0 0 0 0.01428248
344 0 0 0 0
345 0 0 0 0
346 0 0 0.01881659 0
347 0 0 0 0
348 0 0 0 0
349 0 0 0 0
350 0 0 0 0.004080707
351 0 0 0 0
352 0 0 0.01382906 0.008614827
353 0 0 0 0
354 0 0 0 0
355 0 0 0 0
356 0.005667649 0 0 0.02403083
357 0 0 0 0.01541601
358 0.03672637 0 0 0.05531625
359 0 0 0 0.0006801179
360 0 0 0 0.003854001
361 0 0 0 0.00113353
362 0 0 0 0
363 0 0 0 0
364 0.008614827 0 0 0.261392
365 0 0 0 0.02947178
366 0 0 0 0.02403083
367 0 0.1047382 0.03355248 0
368 0.003627295 0 0 0.00226706
369 0 0 0 0.05032872
370 0 0 0 0
371 0 0 0 0.04058037
372 0 0 0 0
373 0 0 0 0
374 0 0 0 0
375 0 0.001360236 0 0.02720472
376 0.08660168 0 0 0.0113353
377 0 0 0 0
378 0 0 0 0
379 0 0 0.09090909 0
380 0 0 0 0
381 0 0 0 0
382 0 0.01654954 0.002720472 0
383 0 0 0 0
384 0 0 0 0
385 0.006347767 0 0.1623215 0.01428248
386 0 0 0 0.0417139
387 0.02516436 0 0 0.03536613
388 0 0 0 0
389 0 0 0 0.003854001
390 0 0 0 0
391 0 0 0 0
392 0 0 0 0
393 0 0 0 0
394 0 0 0 0
395 0 0 0 0.004307413
396 0 0 0 0.2269327
397 0 0 0 0
398 0 0 0 0
399 0 0 0 0
400 0 0 0 0
401 0 0 0 0.01768307
402 0 0 0 0
403 0 0 0 0
404 0 0 0 0
405 0 0 0 0.001813648
406 0 0 0 0
407 0 0.05531625 0.01337565 0
408 0 0 0 0.0006801179
409 0 0 0 0.01088189
410 0 0 0 0
411 0 0 0 0.02743142
412 0 0 0 0
413 0 0 0 0.02085695
414 0 0 0 0
415 0 0 0 0
416 0 0 0 0.002947178
417 0 0 0 0
418 0 0 0 0.01405577
419 0 0 0 0
420 0 0 0 0
421 0 0 0 0
422 0 0 0 0
423 0 0 0 0.002720472
424 0 0 0 0.003627295
425 0 0 0 0.006121061
426 0 0 0 0
427 0 0 0 0
428 0 0 0 0.005667649
429 0.005894355 0 0 0.001360236
430 0 0 0 0
431 0 0 0 0
432 0 0 0 0
433 0 0.001360236 0 0
434 0 0.1704829 0.1818182 0
435 0 0 0 0
436 0 0.01292224 0 0
437 0 0 0 0.001813648
438 0.04760825 0 0 0.02380413
439 0 0 0 0
440 0 0 0 0
441 0 0 0 0
442 0 0 0 0.004307413
443 0 0 0 0.03672637
444 0 0 0 0
445 0 0.02924507 0.02969848 0.005214237
446 0 0 0 0.01246883
447 0 0 0 0.02833825
448 0 0 0 0
449 0 0 0 0
450 0 0 0 0.004080707
451 0 0 0 0
452 0 0.04398096 0 0
453 0 0 0 0
454 0.01314895 0 0 0.0226706
455 0 0 0 0
456 0 0 0 0
457 0 0 0 0
458 0 0.003400589 0 0
459 0 0 0 0.2178644
460 0.004987531 0 0.01700295 0.02901836
461 0 0 0 0
462 0 0 0 0
463 0 0 0.01972342 0
464 0 0 0 0.003854001
465 0 0 0 0
466 0 0 0 0.02040354
467 0 0 0 0
468 0 0 0 0
469 0 0 0 0
470 0 0 0 0
471 0 0 0 0
472 0 0 0 0.1026978
473 0 0 0 0.2824756
474 0 0.007708003 0.002720472 0
475 0 0 0 0
476 0 0 0 0
477 0.01813648 0 0 0.02811154
478 0 0 0 0
479 0 0 0 0
480 0 0 0 0
481 0 0 0 0
482 0 0.06597144 0.02040354 0
483 0 0 0 0
484 0 0 0 0
485 0 0 0 0
486 0 0 0 0
487 0 0 0 0
488 0 0 0 0.005440943
489 0 0 0 0
490 0 0 0 0
491 0 0 0 0
492 0 0 0 0
493 0 0 0 0
494 0 0 0 0
495 0.08501474 0 0 0.05123555
496 0 0 0 0.007254591
497 0 0.09703015 0.03400589 0
498 0 0 0 0
499 0 0.003627295 0.005214237 0.004307413
500 0 0 0 0
501 0 0 0 0
502 0 0 0 0.003400589
503 0 0 0 0
504 0 0 0 0
505 0.06347767 0 0 0.06030379
506 0 0 0 0
507 0 0 0 0
508 0 0 0 0.2693267
509 0 0 0 0
510 0 0 0 0
511 0 0.03990025 0.01088189 0.04375425
512 0 0 0 0.02312401
513 0 0 0.005440943 0.005894355
514 0 0 0.01496259 0
515 0 0.009748356 0 0.00113353
516 0 0 0 0
517 0 0 0 0
518 0 0 0 0
519 0 0 0 0.02516436
520 0 0 0 0
521 0.1732034 0 0.01564271 0.06619814
522 0 0 0 0
523 0 0 0 0
524 0 0 0 0
525 0 0 0 0
526 0 0.07299932 0 0
527 0 0 0 0.01382906
528 0 0 0 0
529 0 0 0 0
530 0 0 0 0.007708003
531 0 0 0 0
532 0 0 0 0.01224212
533 0 0 0 0.2126502
534 0 0 0 0
535 0 0 0 0
536 0 0 0 0.1586942
537 0 0.01405577 0 0
538 0 0 0 0
539 0 0 0 0.001813648
540 0 0 0 0
541 0 0.004080707 0 0
542 0 0 0 0
543 0 0 0 0
544 0 0 0 0
545 0 0 0 0
546 0 0 0 0
547 0 0 0 0
548 0 0 0 0
549 0.04783496 0 0 0.007934709
550 0 0 0 0
551 0 0.03173883 0 0
552 0 0 0 0.01790977
553 0.1190206 0 0 0.1119927
554 0 0 0 0
555 0 0 0 0.002493766
556 0 0 0 0
557 0 0 0 0.006121061
558 0 0 0 0
559 0 0.000226706 0 0
560 0 0 0 0.002493766
561 0 0.05667649 0 0
562 0 0 0 0
563 0 0 0 0
564 0 0 0 0
565 0 0 0 0
566 0 0 0 0
567 0 0 0 0
568 0 0 0 0
569 0 0 0 0
570 0 0 0 0
571 0 0 0 0
572 0 0 0 0
573 0 0 0 0
574 0 0 0 0.002720472
575 0 0 0 0
576 0 0 0 0
577 0 0 0 0
578 0 0 0 0
579 0 0 0 0.2661528
580 0 0 0 0
581 0 0.06982544 0 0
582 0 0 0 0.1677624
583 0 0 0 0.003400589
584 0 0 0 0.0004534119
585 0 0 0 0
586 0 0 0 0
587 0 0 0 0
588 0 0 0 0
589 0 0 0 0.000226706
590 0.005667649 0 0.2219451 0.003854001
591 0 0 0 0.01927001
592 0 0 0 0
593 0 0 0 0
594 0 0 0 0
595 0 0 0 0.1435049
596 0 0 0 0
597 0 0.04126049 0.02244389 0
598 0 0 0 0
599 0 0.04284743 0 0
600 0 0 0 0
601 0 0.1260485 0.04352754 0
602 0 0 0 0
603 0 0 0 0
604 0 0 0 0
605 0 0 0 0
606 0 0 0 0
607 0 0 0 0.002040354
608 0 0 0 0
609 0 0.07390614 0.2273861 0
610 0 0 0 0
611 0 0 0 0.02040354
612 0 0 0 0
613 0 0.02040354 0 0
614 0 0 0.00226706 0
615 0 0 0 0
616 0.06959873 0 0.01836318 0.01314895
617 0 0 0 0
618 0 0 0 0.01564271
619 0 0 0 0
620 0 0.001586942 0 0
621 0 0 0 0
622 0 0 0 0
623 0 0 0 0
624 0 0 0 0
625 0 0 0 0.03763319
626 0 0 0 0
627 0 0 0 0
628 0 0 0 0.004534119
629 0 0 0 0
630 0 0 0 0.01020177
631 0 0 0 0
632 0 0 0 0
633 0.1450918 0 0 0.06733167
634 0 0 0 0
635 0 0 0 0
636 0 0 0 0
637 0 0 0 0
638 0 0 0 0.0378599
639 0 0 0 0
640 0 0 0 0.005667649
641 0 0 0 0
642 0 0.08705509 0 0
643 0 0 0 0
644 0.01314895 0 0 0.04080707
645 0 0 0 0
646 0 0 0 0
647 0 0.07163908 0 0
648 0 0 0 0.01178871
649 0 0 0 0.02244389
650 0 0 0 0
651 0 0 0 0
652 0 0 0 0.02199048
653 0 0 0 0.01224212
654 0 0 0 0
655 0 0 0 0.1824983
656 0 0 0 0.02811154
657 0.05055543 0 0 0.05078214
658 0 0 0 0.03922013
659 0 0 0 0
660 0.01178871 0 0.01314895 0.002040354
661 0 0.01790977 0 0.02063024
662 0 0 0 0
663 0 0 0 0.01360236
664 0 0 0 0.01586942
665 0 0.003627295 0.06325096 0
666 0 0 0 0
667 0 0 0 0
668 0.01314895 0 0 0.1063251
669 0 0 0 0.007934709
670 0 0 0 0
671 0 0 0 0
672 0 0 0 0
673 0 0 0 0
674 0 0 0 0.003854001
675 0 0 0 0
676 0 0 0 0
677 0 0 0 0
678 0 0 0 0.01745636
679 0 0 0 0
680 0 0 0 0
681 0 0 0 0
682 0 0 0 0
683 0 0 0 0
684 0 0 0 0
685 0 0.002720472 0 0
686 0 0 0 0
687 0 0 0 0
688 0 0 0 0
689 0.004534119 0 0 0.01088189
690 0 0.1165269 0.04420766 0
691 0 0 0 0.32691
692 0 0 0 0
693 0 0 0 0
694 0 0 0 0
695 0 0.01586942 0.02199048 0.05123555
696 0 0 0 0
697 0 0 0 0
698 0 0.00226706 0 0.004534119
699 0 0 0 0
700 0 0 0 0
701 0 0 0 0
702 0 0 0 0
703 0 0 0 0
704 0 0 0 0
705 0 0 0 0.004307413
706 0 0 0.0226706 0
707 0 0.03128542 0 0
708 0 0 0 0
709 0 0 0 0
710 0.005894355 0 0 0
711 0 0 0 0.02992519
712 0 0 0 0
713 0 0.1784176 0.2783949 0
714 0 0 0 0
715 0 0 0 0
716 0 0 0 0
717 0 0 0 0.003627295
718 0 0 0 0
719 0 0 0.00952165 0
720 0 0.01654954 0 0
721 0 0 0 0.02108365
722 0 0 0 0.04851508
723 0 0 0 0
724 0.002720472 0 0 0.2774881
725 0 0 0 0.004080707
726 0 0 0 0
727 0 0 0.004987531 0
728 0 0 0 0
729 0 0 0 0.01496259
730 0 0.02153707 0.01110859 0
731 0 0 0 0
732 0.003400589 0 0 0.01790977
733 0 0 0 0
734 0 0 0 0
735 0 0.004534119 0 0.06030379
736 0 0 0 0
737 0 0.001586942 0 0
738 0 0 0 0
739 0 0 0 0
740 0 0 0 0
741 0 0 0 0
742 0 0 0 0
743 0 0 0 0
744 0 0 0 0.00952165
745 0 0 0 0.05508955
746 0 0 0 0
747 0 0 0 0.003854001
748 0.011562 0 0 0.09907051
749 0 0.05758331 0.001586942 0
750 0 0 0 0
751 0 0.05259578 0.008841533 0
752 0 0.003400589 0 0
753 0 0 0 0.01586942
754 0 0 0 0
755 0 0 0 0.01382906
756 0 0 0 0.009294944
757 0 0 0 0
758 0 0 0 0
759 0 0 0 0
760 0.06302426 0 0 0.03536613
761 0 0.0006801179 0 0
762 0 0 0 0
763 0 0 0 0.03899343
764 0 0 0 0
765 0 0 0 0.02357742
766 0 0 0 0
767 0 0 0 0.006347767
768 0 0 0 0
769 0 0 0 0
770 0 0 0.004760825 0.0113353
771 0 0 0 0
772 0 0 0 0
773 0 0 0 0
774 0 0 0 0.02584448
775 0 0 0 0
776 0 0 0 0
777 0 0 0 0
778 0 0 0 0
779 0 0 0 0
780 0 0 0 0.1500793
781 0 0.05350261 0.003854001 0.01836318
782 0 0 0 0.0009068238
783 0 0 0 0.006121061
784 0 0 0.0267513 0
785 0 0.007481297 0 0.01020177
786 0 0 0 0.005440943
787 0 0 0 0
788 0.03672637 0 0 0.05100884
789 0 0 0 0
790 0 0 0 0
791 0 0 0.04738155 0
792 0 0 0 0.003400589
793 0 0 0 0
794 0 0 0 0
795 0 0 0.002947178 0.02561777
796 0 0 0 0
797 0 0 0 0
798 0 0 0 0.0190433
799 0 0 0 0.003627295
800 0 0 0 0
801 0 0 0 0.02131036
802 0 0 0 0
803 0 0 0 0
804 0 0.003854001 0.008614827 0
805 0 0.0380866 0 0
806 0 0 0 0.009975062
807 0 0 0 0.006347767
808 0 0 0 0.003627295
809 0 0.002947178 0 0
810 0 0 0 0
811 0 0 0.002493766 0.01224212
812 0 0 0 0
813 0 0 0 0
814 0 0 0 0
815 0 0 0 0
816 0 0 0 0
817 0 0.005667649 0 0
818 0 0 0 0.02743142
819 0 0 0 0
820 0 0 0 0
821 0 0 0 0.006574473
822 0 0 0 0
823 0 0.01586942 0 0.002040354
824 0 0.0226706 0.04511449 0
825 0 0 0 0
826 0 0 0 0
827 0 0 0 0
828 0 0 0 0
829 0 0 0.05735661 0
830 0 0 0 0
831 0 0 0 0
832 0 0 0 0
833 0 0 0 0
834 0 0 0 0
835 0 0 0 0.001360236
836 0 0 0 0.0006801179
837 0 0 0 0
838 0 0 0 0.04466107
839 0 0 0 0
840 0 0 0 0.1312628
841 0 0 0 0
842 0 0.03105872 0.06710496 0
843 0 0 0 0
844 0 0 0 0
845 0 0 0 0
846 0 0 0 0
847 0 0 0 0
848 0 0 0 0
849 0 0 0 0.002947178
850 0 0 0 0.02085695
851 0 0.08320109 0.007254591 0
852 0 0.0006801179 0 0.03309907
853 0 0 0 0.05372931
854 0 0 0 0
855 0 0 0 0
856 0 0 0 0
857 0 0 0 0.02879166
858 0 0 0 0
859 0 0 0 0
860 0 0 0 0
861 0 0 0 0
862 0 0 0 0
863 0 0 0 0
864 0 0 0 0
865 0 0.07095897 0 0
866 0 0 0 0
867 0 0 0 0
868 0 0 0 0
869 0 0 0 0
870 0 0.06551802 0.05372931 0
871 0 0 0 0
872 0 0.01813648 0 0
873 0 0 0 0
874 0 0 0 0
875 0 0 0 0.01201542
876 0 0 0 0
877 0 0 0 0.01110859
878 0 0 0 0
879 0 0 0 0
880 0 0 0 0
881 0 0.05463614 0 0
882 0 0 0 0
883 0.01700295 0 0 0.003627295
884 0 0 0 0
885 0 0 0 0
886 0 0 0 0
887 0 0 0.01927001 0
888 0 0 0 0
889 0 0 0 0.01768307
890 0 0 0 0.01405577
891 0 0 0 0
892 0 0.04216731 0 0
893 0 0 0 0.09317615
894 0 0 0 0.008841533
895 0 0 0 0
896 0.02244389 0 0 0.2622988
897 0 0 0 0
898 0 0.0004534119 0 0
899 0 0 0 0
900 0 0 0 0
901 0.02561777 0 0.01609612 0.0380866
902 0 0 0 0
903 0 0 0.01314895 0.008161415
904 0 0 0 0
905 0 0 0 0
906 0 0 0 0
907 0 0 0 0
908 0 0 0 0
909 0 0.0004534119 0 0.04126049
910 0 0 0 0
911 0 0 0 0.003854001
912 0 0 0 0
913 0 0 0 0
914 0 0 0 0.02743142
915 0 0 0 0
916 0 0 0 0
917 0 0 0 0
918 0 0 0 0.007254591
919 0 0 0 0
920 0 0 0 0
921 0 0 0 0
922 0 0 0 0
923 0 0 0 0
924 0 0 0 0
925 0 0 0 0
926 0 0 0 0
927 0 0 0 0.007481297
928 0 0 0 0.01224212
929 0 0.1183405 0.0151893 0
930 0 0 0 0
931 0 0.02765813 0 0
932 0 0 0 0
933 0.02901836 0 0 0.0378599
934 0 0 0 0
935 0 0.07549309 0.06189073 0
936 0 0 0 0
937 0 0 0 0
938 0 0 0 0
939 0 0 0 0
940 0 0 0 0
941 0 0 0 0
942 0 0 0 0
943 0 0 0 0.001360236
944 0 0 0 0
945 0 0 0 0
946 0 0.1124462 0.02085695 0
947 0 0 0 0
948 0.08909544 0 0.004534119 0.03922013
949 0 0 0 0
950 0 0 0 0
951 0 0 0 0
952 0 0.002040354 0 0
953 0 0 0 0
954 0.007481297 0 0 0.04670143
955 0 0 0 0
956 0 0 0 0.01428248
957 0 0 0.003400589 0.005667649
958 0 0 0 0
959 0 0 0.01360236 0.01201542
960 0 0 0.2477896 0.01065518
961 0 0.104058 0.004534119 0
962 0 0 0 0
963 0 0 0.008841533 0.01246883
964 0 0 0 0
965 0 0 0 0
966 0 0.005894355 0 0
967 0 0 0 0
968 0.001360236 0 0 0.01246883
969 0.05168896 0 0 0.01881659
970 0 0 0.2203582 0.01995012
971 0 0 0 0.03854001
972 0 0 0 0.1564271
973 0 0 0 0
974 0 0 0.001586942 0
975 0 0 0 0
976 0.2341873 0 0 0.3196554
977 0 0 0 0.001360236
978 0 0 0 0.002720472
979 0 0 0 0
980 0 0 0 0.008161415
981 0 0 0 0
982 0 0 0 0
983 0 0 0 0
984 0 0 0 0
985 0 0 0 0
986 0 0 0 0.02697801
987 0 0 0 0
988 0 0 0 0.01768307
989 0 0 0 0
990 0 0.1008842 0 0
991 0.005440943 0 0 0.05032872
992 0 0 0.07345273 0.01949671
993 0 0 0 0
994 0 0 0 0
995 0 0 0 0
996 0 0 0 0
997 0 0 0 0
998 0 0 0 0.0006801179
999 0 0 0.003627295 0
1000 0.002040354 0 0 0
